0.833051 0.0027537 0.553174  4.49629e-06 -2.94808e-06 -4.78877e-08 -0.000224306   0.00107897    0.0211021
0.833173 0.00240013 0.552996 -2.99094e-05 -1.27051e-05 -1.32955e-05 -9.43598e-05  0.000213858 -0.000167736
0.833062 0.00260317 0.553159 -2.71487e-05 -1.92087e-06  2.52703e-05  0.00029954  0.00024766 0.000388728
0.833073 0.00270747 0.553142 -2.90392e-05 -1.22905e-05  3.06436e-05 -2.50026e-05 -3.96986e-05 -4.48135e-05
0.83306 0.00272037 0.55316 -1.83921e-05  1.13753e-05   2.3762e-05 7.09743e-05 0.000268475  -9.139e-05
0.833037 0.00270973 0.553196 -2.76156e-05  8.40603e-06  2.78323e-05 3.59786e-05 0.000150425  3.5117e-05
0.833026 0.00271025 0.553212 -2.28876e-05  6.85762e-06   1.8032e-05  9.38346e-05 -0.000148568   7.1213e-05
0.835693 0.00754956 0.549072 0.00202372 0.00378555  0.0120271 0.00346282  0.0198159   0.161751
0.830966 0.0090444 0.556058 0.00344297 0.00557288   0.034648  0.027205 0.0172647  0.291197
0.830963 0.00903112 0.556065 0.00344793 0.00557883  0.0346523 0.0272298 0.0173236  0.291257
0.83096 0.00902236 0.556069 0.00344834 0.00557887  0.0346686 0.0272456 0.0173261   0.29144
0.826111 0.0110866 0.563007  0.0063013 0.00624674  0.0696237  0.0283196 0.00528934   0.393785
0.8261 0.0110396 0.563027 0.00632517 0.00625253  0.0698124  0.0286252 0.00534625   0.395899
0.827036 0.0125331 0.561174 0.00949884 0.00689578   0.112363  0.0329042 0.00327504   0.439145
0.830303 0.0107408 0.555672  0.0128742 0.00749792   0.157266  0.0414328 0.00945551    0.45206
0.827868 0.0143742 0.558857  0.0190211 0.00816526   0.203449 0.0766207 0.0189764  0.472532
0.821937 0.0219737 0.567024  0.026319 0.0108159  0.251889 0.0628054 0.0225918  0.495841
0.816164 0.0206432 0.574103 0.0324817 0.0126921  0.302022  0.0506645 0.00206569   0.500287
0.810936 0.016017 0.580625   0.03614 0.0104833  0.349944  0.0229765 -0.0410957   0.425667
0.805015 0.0149708 0.589819   0.0352272 -0.00620282    0.393036 -0.0110094  -0.072811   -0.21204
0.807663 0.0169388 0.586987  0.0327712 -0.0180304   0.317593 -0.0377896 -0.0720173  -0.483214
0.816841 0.0214634 0.574575  0.0280944 -0.0251813   0.267634 -0.0531606 -0.0740666  -0.509082
0.826187 0.0245785 0.561441  0.0220382 -0.0325784   0.217155 -0.0611675 -0.0726572  -0.493333
0.830699 0.0276761 0.554836  0.0157991 -0.0390711   0.169445 -0.0665479 -0.0575308  -0.458474
0.831221 0.0306835 0.5541 0.00826107  -0.044647   0.126677 -0.0810523 -0.0617813  -0.388481
0.831185 0.0368359 0.554254 0.000592926  -0.0489373   0.0939338 -0.0685882 -0.0278979   -0.24802
0.834202 0.0451133 0.549353 -0.00452039  -0.0500356   0.0806151  -0.0343097 -0.00129679 -0.00053164
0.83413 0.0451556 0.549457 -0.00454638  -0.0500329   0.0806359   -0.0346824  -0.00136064 -0.000259745
0.834054 0.0452591 0.549558 -0.00453711  -0.0500317   0.0806356   -0.0346652  -0.00137125 -0.000254516
0.838492 0.0502389 0.542302 -0.00667282  -0.0496918   0.0947728 -0.00588294  0.00856445    0.284591
0.838429 0.0504984 0.542361 -0.00670581  -0.0497357   0.0948139 -0.00641481  0.00791782    0.285144
0.838404 0.0507568 0.542363 -0.00671526   -0.049745   0.0948197 -0.00643661  0.00774466    0.285237
0.839404 0.0517793 0.540465 -0.00536312   -0.049832    0.135152   0.0286355 -0.00346614    0.494859
0.836675 0.0501328 0.544321 -0.00133996   -0.049707    0.189868  0.0545234 0.00136268   0.584718
0.830103 0.0482828 0.553983 0.00476492 -0.0495402   0.250367 0.0687304 0.0051213  0.615915
0.821307 0.046911 0.566819  0.0125735 -0.0483198   0.310675 0.0838448 0.0180353  0.585534
0.814902 0.0414551 0.576701  0.0213519 -0.0459677   0.365003 0.0829442 0.0339802  0.482851
0.811093 0.0363379 0.583133 0.0284786 -0.042276  0.406026 0.0601458 0.0305801  0.335946
0.805505 0.0391824 0.590639  0.0385505 -0.0353197   0.430766  0.0200324 0.00398247  -0.233895
0.815734 0.0535759 0.575266  0.0391714 -0.0352397   0.297004 -0.0305026 0.00530006  -0.547093
0.827955 0.0554645 0.556861 0.0355102 -0.034279  0.243612 -0.0400511  0.0126985  -0.508052
0.836986 0.055021 0.542784  0.0313066 -0.0342347   0.195819  -0.0365341 -0.00514249   -0.441561
0.8399 0.051994 0.538497 0.0286058 -0.035299  0.156096  -0.0163211 -0.00929091   -0.350303
0.838396 0.0462164 0.541577  0.0271413 -0.0360796    0.12536   -0.012228 -0.00304245   -0.261241
0.834792 0.0418056 0.547955  0.0260149 -0.0370511   0.104207 -0.0197246 -0.0318684  -0.162746
0.833454 0.0406555 0.550522  0.0226183 -0.0450853  0.0932456 -0.0408167  -0.133222 -0.0560257
0.835079 0.0384421 0.548399  0.0190716 -0.0642832  0.0921276 -0.0344275  -0.247747  0.0302706
0.837462 0.0292142 0.545396  0.0152509 -0.0932949  0.0995292 -0.0449513  -0.329924   0.112069
0.836566 0.0201889 0.547281 0.00992307  -0.129071   0.113004 -0.0612872  -0.383799   0.144813
0.832473 0.0116624 0.553786 0.0024134 -0.169813  0.127567 -0.0898904  -0.433862   0.139998
0.827382 0.000704344 0.561508 -0.00727548   -0.215119    0.140112 -0.10404 -0.47863 0.104669
0.822037 -0.0102474 0.569236 -0.018188 -0.266566  0.148914 -0.113932 -0.551923 0.0739236
0.816891 -0.0185586 0.576454  -0.03049 -0.325075  0.155433 -0.136062 -0.614217 0.0569192
0.813851 -0.0239724 0.580577 -0.0449708  -0.388781   0.160249 -0.150444 -0.658609 0.0388682
0.81387 -0.0238709 0.580554 -0.0448053  -0.388554   0.160162 -0.148607 -0.656182 0.0378787
0.81388 -0.023518 0.580556 -0.0447501   -0.38865   0.160141 -0.148012 -0.657166 0.0376603
0.813217 -0.0264539 0.581295 -0.0600112  -0.453137   0.163002 -0.157936  -0.62981 0.0253951
0.816393 -0.0325486 0.576442 -0.0750402  -0.514077   0.164817 -0.142146  -0.59099 0.0205516
0.821004 -0.0453105 0.568775 -0.0874516  -0.570601   0.167135 -0.113706 -0.537893 0.0360541
0.822915 -0.0599936 0.564345 -0.0966971  -0.620526    0.17135 -0.0737493  -0.451574  0.0543193
0.820117 -0.073441 0.566187  -0.10119 -0.659402  0.176822 -0.0199562  -0.316226  0.0585167
0.815152 -0.0818906 0.570971 -0.100464 -0.681549   0.18187 0.0282296 -0.125484 0.0415498
0.811707 -0.0859383 0.574278 -0.0952065   -0.68401   0.184757 0.0749434  0.078007 0.0169372
0.811852 -0.0854474 0.574226 -0.0951263   -0.68391   0.184737 0.0757564 0.0790831 0.0167733
0.811966 -0.0850096 0.574201 -0.0951356  -0.683875   0.184737 0.0755742 0.0795375 0.0168214
0.812075 -0.0846647 0.574153 -0.0951378  -0.683813   0.184736 0.0754875 0.0803215 0.0168409
0.813205 -0.0751726 0.574278 -0.0550696  -0.581367   0.182834    0.179889    0.523533 -0.00407352
0.813426 -0.0749881 0.574019 -0.0544806   -0.58005   0.182826    0.182529    0.528387 -0.00416385
0.813554 -0.0746876 0.573922 -0.0545362  -0.579918   0.182841    0.182344    0.529058 -0.00408784
0.813674 -0.0744078 0.573829 -0.0545656  -0.579706   0.182819    0.182218    0.530068 -0.00419763
0.816768 -0.0695838 0.571215 -0.0369183  -0.523411   0.184316  0.172902  0.586548 0.0323465
0.817595 -0.064781 0.571244 -0.0198922   -0.46253   0.188228  0.166426  0.604838 0.0438269
0.816235 -0.0576235 0.574269 -0.00345485   -0.401613    0.190677    0.15791   0.607204 0.00327889
0.81649 -0.0489781 0.575048 0.0130978 -0.343375  0.189243   0.188763   0.555402 -0.0315788
0.817733 -0.0384113 0.574301 0.0361642  -0.29262  0.184918  0.277429   0.46036 -0.052168
0.817247 -0.030463 0.575474 0.0663511  -0.25319  0.179261   0.322244   0.332344 -0.0603514
0.818597 -0.0450586 0.572577  0.201581 -0.181076  0.170854  0.224792 0.0652894 0.0420087
0.818857 -0.0540575 0.571296  0.164329 -0.147913  0.214298 -0.331206  0.168589   0.04546
0.820745 -0.0479579 0.568746  0.128516 -0.129691  0.213785  -0.376211   0.190912 -0.0516936
0.820855 -0.0477645 0.568618  0.128481 -0.129716  0.213792  -0.376544   0.190656 -0.0515842
0.826112 -0.0433111 0.561124 0.0910241 -0.111237  0.203602 -0.362036  0.177131 -0.155465
0.836176 -0.0406642 0.54629  0.0586581 -0.0944052   0.183782  -0.28886  0.152231 -0.229523
0.84634 -0.0376341 0.530741  0.0334646 -0.0812971   0.159498 -0.212901  0.113001 -0.251954
0.850214 -0.0346145 0.524651   0.016249 -0.0704559   0.135025 -0.136355  0.106274 -0.237507
0.846662 -0.0338798 0.530443 0.00619457 -0.0606903    0.11243 -0.0696849  0.0927483  -0.214931
0.840273 -0.0349071 0.540503 0.00132962  -0.052606  0.0926619 -0.0221503  0.0669548  -0.175301
0.837654 -0.0349617 0.54457 0.00291221 -0.0482049  0.0781703 0.0598142 0.0219383 -0.120475
0.837668 -0.0348325 0.544565 0.00291768 -0.0481984  0.0781728 0.0598854 0.0220624  -0.12054
0.840707 -0.0397071 0.539444  0.0248312 -0.0471212  0.0576331   0.142855 -0.0123554 -0.0946949
0.840769 -0.0395814 0.539365  0.0248444 -0.0471145  0.0576788   0.142788 -0.0122132  -0.094472
0.840358 -0.0455925 0.539424  0.0396134 -0.0487853  0.0479718   0.140905  -0.027576 -0.0992922
0.840463 -0.0455391 0.539268  0.0395883 -0.0487913  0.0479694   0.140676 -0.0276317 -0.0993044
0.840535 -0.045529 0.539159  0.0396087 -0.0487935  0.0479518   0.140871 -0.0276664 -0.0994789
0.840602 -0.0454762 0.539063  0.0396044 -0.0487895  0.0479497   0.140827 -0.0276278    -0.0995
0.840657 -0.0454236 0.538986  0.0396058 -0.0487863  0.0479445   0.140842 -0.0275976 -0.0995545
0.840703 -0.0454142 0.538916 0.0396114 -0.048786 0.0479371   0.140899 -0.0275984 -0.0996291
0.840752 -0.0453884 0.538844  0.0396079 -0.0487839  0.0479356   0.140863 -0.0275776 -0.0996438
0.840794 -0.0453683 0.538781  0.0396115 -0.0487828  0.0479295   0.140899 -0.0275705 -0.0997059
0.840846 -0.0453345 0.538706  0.0396116 -0.0487806  0.0479252   0.140901 -0.0275505  -0.099749
0.840889 -0.0453078 0.538644  0.0396141 -0.0487793  0.0479207   0.140924 -0.0275402  -0.099796
0.840931 -0.0452826 0.538583  0.0396153 -0.0487777  0.0479166   0.140936 -0.0275274 -0.0998368
0.840968 -0.045264 0.538528   0.039616 -0.0487765  0.0479133   0.140943 -0.0275166 -0.0998704
0.841 -0.0452455 0.538481  0.0396179 -0.0487756  0.0479096   0.140962 -0.0275089  -0.099908
0.841036 -0.0452318 0.538427  0.0396174 -0.0487745  0.0479069   0.140958 -0.0274995 -0.0999351
0.84106 -0.0452275 0.538392  0.0396196 -0.0487744  0.0479035   0.140979 -0.0275004 -0.0999695
0.841093 -0.0452219 0.53834  0.0396187 -0.0487738  0.0479016   0.140969 -0.0274953 -0.0999886
0.841118 -0.0452153 0.538302  0.0396201 -0.0487737  0.0478989   0.140982 -0.0274965  -0.100016
0.841142 -0.045222 0.538264  0.0396198 -0.0487739   0.047897   0.140978 -0.0274988  -0.100035
0.841167 -0.0452243 0.538226  0.0396194 -0.0487737  0.0478953   0.140973 -0.0274978  -0.100051
0.841183 -0.0452255 0.538201  0.0396207 -0.0487739  0.0478931   0.140986 -0.0275018  -0.100072
0.8412 -0.0452272 0.538173  0.0396205 -0.0487741  0.0478915   0.140985 -0.0275035  -0.100089
0.841216 -0.04523 0.538148   0.039621 -0.0487744  0.0478898    0.14099 -0.0275065  -0.100106
0.841229 -0.0452307 0.538128  0.0396217 -0.0487745  0.0478882  0.140995 -0.027509 -0.100122
0.841243 -0.0452399 0.538104  0.0396209 -0.0487748  0.0478874   0.140987 -0.0275132   -0.10013
0.841254 -0.0452513 0.538085  0.0396209 -0.0487754  0.0478865   0.140986 -0.0275198  -0.100139
0.841266 -0.0452591 0.538066  0.0396202 -0.0487758  0.0478855    0.14098 -0.0275236  -0.100148
0.841275 -0.0452698 0.538049  0.0396191 -0.0487762  0.0478844  0.140967 -0.027524  -0.10016
0.841289 -0.0452796 0.538026  0.0396164 -0.0487753  0.0478821   0.140939 -0.0275115  -0.100188
0.841297 -0.045303 0.538009  0.0396142 -0.0487753  0.0478819   0.140912 -0.0275093  -0.100193
0.841304 -0.0453056 0.537998  0.0396153 -0.0487763  0.0478826   0.140925 -0.0275229  -0.100182
0.841313 -0.0453053 0.537985  0.0396148 -0.0487767  0.0478822    0.14092 -0.0275289  -0.100185
0.841325 -0.045313 0.537965   0.039614 -0.0487771  0.0478816   0.140914 -0.0275311  -0.100189
0.841335 -0.0453289 0.537947  0.0396142 -0.0487773  0.0478828    0.14091 -0.0275358  -0.100183
0.84135 -0.0453477 0.53792  0.0396137 -0.0487778  0.0478839   0.140898 -0.0275436  -0.100177
0.841352 -0.0453625 0.537914  0.039614 -0.048779 0.0478835     0.1409 -0.0275563  -0.100178
0.841358 -0.0453701 0.537904  0.0396131 -0.0487795  0.0478833   0.140889 -0.0275608  -0.100181
0.841359 -0.0453829 0.5379  0.0396131 -0.0487805  0.0478832   0.140886 -0.0275718  -0.100182
0.841364 -0.045393 0.537891 0.0396119 -0.048781 0.0478834   0.140874 -0.0275767   -0.10018
0.841371 -0.0453982 0.537879  0.0396109 -0.0487811  0.0478831   0.140864 -0.0275778  -0.100181
0.841373 -0.0453983 0.537876  0.0396114 -0.0487814  0.0478829   0.140871 -0.0275801  -0.100183
0.841375 -0.0454032 0.537872  0.0396108 -0.0487815  0.0478826   0.140865 -0.0275807  -0.100187
0.841373 -0.0454141 0.537873 0.0396103 -0.048782 0.0478831   0.140859 -0.0275856  -0.100181
0.841371 -0.0454223 0.537876  0.0396099 -0.0487823  0.0478835   0.140854 -0.0275892  -0.100178
0.84137 -0.0454271 0.537876  0.0396097 -0.0487826  0.0478835   0.140852 -0.0275915  -0.100177
0.841369 -0.0454287 0.537877  0.0396096 -0.0487828  0.0478836   0.140851 -0.0275927  -0.100177
0.841367 -0.0454311 0.53788 0.0396094 -0.048783 0.0478837    0.14085 -0.0275945  -0.100175
0.841365 -0.0454327 0.537883  0.0396095 -0.0487831  0.0478838   0.140853 -0.0275958  -0.100174
0.841365 -0.0454358 0.537882  0.0396089 -0.0487832  0.0478841   0.140847 -0.0275955  -0.100171
0.841362 -0.045435 0.537888  0.0396085 -0.0487832  0.0478843   0.140844 -0.0275954  -0.100168
0.841357 -0.0454321 0.537896 0.0396085 -0.048783 0.0478847   0.140843 -0.0275933  -0.100165
0.84135 -0.0454288 0.537907  0.0396087 -0.0487827  0.0478852   0.140845 -0.0275913   -0.10016
0.841341 -0.0454243 0.537922   0.039609 -0.0487825  0.0478856   0.140849 -0.0275891  -0.100156
0.841334 -0.0454201 0.537934  0.0396091 -0.0487821  0.0478861    0.14085 -0.0275854  -0.100151
0.841326 -0.0454139 0.537946  0.0396092 -0.0487818  0.0478867   0.140851 -0.0275816  -0.100145
0.84132 -0.0454069 0.537958  0.0396093 -0.0487813  0.0478871   0.140853 -0.0275776  -0.100141
0.841312 -0.0454012 0.53797 0.0396098 -0.048781 0.0478876   0.140857 -0.0275751  -0.100137
0.841302 -0.0453943 0.537987  0.0396106 -0.0487807   0.047888   0.140865 -0.0275721  -0.100134
0.841296 -0.0453889 0.537998  0.0396105 -0.0487803  0.0478885   0.140866 -0.0275679  -0.100129
0.841293 -0.0453854 0.538002  0.0396104 -0.0487802  0.0478889   0.140865 -0.0275663  -0.100125
0.841287 -0.0453834 0.538013  0.0396108 -0.0487801  0.0478894   0.140868 -0.0275662   -0.10012
0.841281 -0.045381 0.538022  0.0396109 -0.0487799  0.0478898   0.140868 -0.0275641  -0.100115
0.841276 -0.0453759 0.53803  0.0396111 -0.0487795  0.0478901    0.14087 -0.0275611  -0.100112
0.841272 -0.0453682 0.538039  0.0396113 -0.0487791  0.0478905   0.140872 -0.0275565  -0.100109
0.841269 -0.0453626 0.538044   0.039611 -0.0487786  0.0478912   0.140868 -0.0275518  -0.100103
0.841268 -0.0453598 0.538045   0.039611 -0.0487784  0.0478914   0.140868 -0.0275488  -0.100102
0.841265 -0.045356 0.538052  0.0396115 -0.0487782  0.0478915   0.140873 -0.0275467  -0.100101
0.841262 -0.0453512 0.538057  0.0396117 -0.0487778  0.0478916   0.140875 -0.0275441  -0.100099
0.841262 -0.0453468 0.538057  0.0396112 -0.0487775  0.0478921    0.14087 -0.0275397  -0.100095
0.841258 -0.0453437 0.538065  0.0396119 -0.0487773  0.0478924   0.140876 -0.0275376  -0.100094
0.841252 -0.0453389 0.538074  0.0396129 -0.0487771  0.0478926   0.140884 -0.0275365  -0.100092
0.841253 -0.0453329 0.538073 0.0396134 -0.048777 0.0478925    0.14089 -0.0275353  -0.100092
0.841257 -0.0453314 0.538068   0.039613 -0.0487767  0.0478924   0.140885 -0.0275328  -0.100094
0.841254 -0.045329 0.538072   0.039613 -0.0487767   0.047893   0.140884 -0.0275318  -0.100089
0.841251 -0.0453294 0.538077  0.0396137 -0.0487768  0.0478935   0.140888 -0.0275331  -0.100085
0.841244 -0.0453318 0.538087  0.0396149 -0.0487771  0.0478935     0.1409 -0.0275372  -0.100085
0.841242 -0.0453375 0.53809   0.039616 -0.0487775  0.0478934   0.140909 -0.0275415  -0.100087
0.841236 -0.0453472 0.538098  0.0396173 -0.0487782   0.047894   0.140923 -0.0275471  -0.100083
0.840564 -0.0505947 0.53854   0.052542 -0.0520562  0.0382482   0.126906 -0.0369771 -0.0888326
0.840296 -0.0544762 0.538559   0.064061 -0.0556276  0.0307509  0.0975296 -0.0334403 -0.0646224
0.840286 -0.0578593 0.538257  0.0718509 -0.0598213  0.0249411  0.0593388 -0.0421382 -0.0536405
0.843238 -0.0600728 0.533308   0.076479 -0.0631648  0.0194904  0.0383687 -0.0242434 -0.0557632
0.846623 -0.0616319 0.52773  0.0798664 -0.0654065  0.0136412  0.0284663 -0.0204025 -0.0571804
0.845068 -0.0610623 0.530453 0.0836544 -0.067149 0.0057206  0.00935579 -0.00059449  -0.0276691
0.839476 -0.0575804 0.539573  0.0838775 -0.0650194   0.004213  0.00479307  0.00846633 -0.00268979
0.8395 -0.057532 0.539545  0.0838813 -0.0650116 0.00420725  0.00483763  0.00852902 -0.00274417
0.839507 -0.0574863 0.539543  0.0838808 -0.0650118 0.00420817  0.00483086  0.00852782 -0.00274021
0.839516 -0.0574445 0.539538  0.0838805 -0.0650113 0.00420819  0.00482741  0.00853185 -0.00273886
0.839528 -0.0574 0.539528  0.0838801 -0.0650109  0.0042082  0.00482732  0.00853654 -0.00273823
0.834632 -0.055322 0.547195  0.0852249 -0.0628597 0.00360303   0.0346251 -0.00332027  0.00540436
0.829878 -0.0546188 0.554413   0.089273 -0.0626994 0.00557338    0.0455398 -7.69864e-05    0.0265775
0.829876 -0.0546278 0.554415  0.0892514 -0.0626857 0.00561982    0.0456789 -2.64837e-05    0.0268076
0.829876 -0.0546156 0.554417  0.0892483 -0.0626856 0.00561905   0.0456451 -2.6119e-05   0.0267958
0.824302 -0.0561139 0.562442  0.0943344 -0.0629251  0.0085321   0.0590755 -0.00326106   0.0328391
0.819063 -0.0565383 0.570048   0.102553 -0.0631222  0.0155565   0.0895162 -0.00287812    0.104468
0.815406 -0.055724 0.575365   0.111974 -0.0635054  0.0303693   0.0930406 -0.00448302    0.183836
0.816351 -0.0551068 0.574109  0.120927 -0.063956 0.0531969   0.0932701 -0.00655612     0.26229
0.818408 -0.0539714 0.571305   0.130455 -0.0648029  0.0826215   0.0943262 -0.00827353     0.31285
0.828283 -0.0494404 0.557524   0.190447 -0.0690294   0.174331   0.171979 -0.0107438   0.071886
0.834205 -0.0491095 0.54867   0.210001 -0.0702784   0.181256   0.221463 -0.0113926  0.0603062
0.827964 -0.0454826 0.558313   0.308472 -0.0759772   0.205086  0.413922 -0.020075 0.0718821
0.825677 -0.0394321 0.562291   0.351504 -0.0771339   0.212201    0.442504 -0.00364163   0.0630863
0.825864 -0.0279494 0.562954   0.397243 -0.0764172   0.218067  0.470012 0.0148556  0.060588
0.825892 -0.0279337 0.562915   0.397292 -0.0763985   0.218134   0.47054 0.0150124 0.0613382
0.825926 -0.0108202 0.563623   0.445385 -0.0740041   0.223859  0.492167 0.0286235 0.0565996
0.825945 -0.01084 0.563595   0.44539 -0.073981  0.223942  0.492242 0.0288215 0.0575426
0.824912 0.0130902 0.565109   0.495864 -0.0695295   0.230055  0.512149 0.0614149 0.0529864
0.82402 0.040984 0.564984   0.547621 -0.0609568   0.234805  0.521331  0.108463 0.0351902
0.822253 0.0671615 0.564644  0.600343 -0.047661  0.237743  0.529452   0.15498 0.0217592
0.819887 0.0865351 0.564713   0.652755 -0.0302793   0.238407   0.525398   0.191588 -0.0100117
0.818003 0.0997573 0.564543    0.705335 -0.00925966    0.235284   0.524527    0.23073 -0.0580126
0.817125 0.108549 0.563743 0.757637 0.015255 0.230481   0.525993   0.261429 -0.0244065
0.81669 0.112507 0.563186  0.861499 0.0773343   0.23851 0.516083 0.356106 0.095213
0.813548 0.11621 0.566593  0.96709 0.160459 0.272343 0.534823 0.481045  0.24218
0.812215 0.121807 0.566201  1.01935 0.211073 0.299962 0.515876 0.525673 0.303038
0.810758 0.130699 0.564708  1.06934 0.265366 0.332506 0.486705 0.555986 0.328682
0.809648 0.144864 0.561045  1.11804 0.322211 0.361853 0.479334 0.578629 0.258769
0.807528 0.161587 0.557106  1.16555  0.38044 0.384853 0.467115 0.589508 0.199995
0.803697 0.181077 0.553607  1.21238 0.440093 0.402165    0.463  0.60373 0.144277
0.803962 0.180778 0.55344  1.21257 0.440093 0.402217 0.465152 0.603672 0.144931
0.79995 0.203674 0.547949  1.25882 0.500581 0.413514  0.460494  0.611862 0.0875973
0.800214 0.203369 0.547816  1.25889 0.500467  0.41354  0.461335  0.610655 0.0879942
0.80045 0.203022 0.547745  1.25897 0.500427 0.413509  0.462301  0.610264 0.0876974
0.792784 0.224331 0.547208  1.30564 0.561846 0.421476  0.468201  0.616166 0.0715325
0.779297 0.244208 0.556418  1.35198 0.623638 0.427487  0.452481  0.619682 0.0470801
0.767298 0.262404 0.565875  1.39531 0.686093  0.43149  0.401411  0.644359 0.0399559
0.763841 0.271624 0.566088  1.43147 0.752073 0.437972 0.325563 0.679431 0.102153
0.767858 0.270572 0.558675  1.45962 0.822234 0.451098 0.244019 0.717619 0.173785
0.773079 0.267649 0.550816  1.48033 0.894424 0.471209 0.181239 0.730597 0.227467
0.780919 0.261755 0.540209  1.50995  1.04224 0.527787 0.139328 0.752253 0.279139
0.783421 0.256304 0.539065   1.5508  1.26956 0.583045  0.13829 0.768716 0.112437
0.782392 0.260832 0.537608  1.56485  1.34599 0.591445  0.146467  0.771495 0.0656387
0.779375 0.271959 0.534734  1.57897  1.42366 0.595791 0.136044 0.782777 0.024434
0.779469 0.271857 0.534718  1.57901  1.42364 0.595819  0.136446   0.78253 0.0248453
0.773714 0.289456 0.531431  1.59198  1.50283 0.597369  0.126117  0.806748 0.0140244
0.773776 0.289323 0.531488  1.59205  1.50295 0.597429  0.126859   0.80797 0.0147817
0.765622 0.310542 0.527606  1.60449  1.58482 0.601223  0.126547  0.826852 0.0718218
0.765626 0.310479 0.527663  1.60449  1.58484 0.601267   0.12654  0.827038 0.0724042
0.765618 0.310461 0.527688   1.6045   1.5849 0.601286  0.126641   0.82765 0.0726143
0.755467 0.332753 0.524265  1.61644  1.66959 0.612886 0.121938 0.870139 0.156169
0.755364 0.33283 0.524289 1.61634 1.66946 0.61289  0.12074 0.868749 0.156299
0.755333 0.332853 0.524296 1.61636 1.66965 0.61293 0.120972 0.870653 0.156723
0.746755 0.350985 0.518996  1.62813  1.75809 0.632816  0.11873 0.894777 0.234467
0.746727 0.351019 0.518989  1.62813  1.75829 0.632867 0.118695 0.896813 0.235095
0.74266 0.362167 0.51054  1.63887  1.84775 0.657059  0.11041 0.892718 0.251191
0.73945 0.368678 0.505556  1.65086  1.93842 0.680985 0.125785 0.906936 0.210288
0.736762 0.372156 0.503453  1.66423  2.02904 0.698683 0.138939 0.904482 0.142267
0.736597 0.375998 0.500373  1.69523  2.21015 0.718406  0.174381  0.910844 0.0683655
0.72752 0.374546 0.510984  1.73049  2.39431 0.738678  0.17783 0.922897 0.162912
0.730915 0.378622 0.503391  1.78223  2.66268 0.780134   0.17339  0.885918 0.0669179
0.72888 0.381257 0.504178  1.83754  2.92617 0.774552   0.187742   0.868611 -0.0968283
0.726193 0.381244 0.50605 1.87399 3.09924 0.74505  0.165072  0.853027 -0.164538
0.723943 0.387892 0.502005 1.89033 3.18588 0.73178  0.159206  0.862395 -0.106891
0.718382 0.399217 0.496335  1.90603  3.27272 0.724415   0.158492   0.866937 -0.0371538
0.718377 0.399236 0.496316  1.90606  3.27286 0.724411  0.158851  0.868365 -0.037206
0.710578 0.415607 0.489048  1.92217  3.35933 0.724349  0.163258    0.8661 0.0330179
0.699788 0.435053 0.481019  1.93767   3.4456 0.731444 0.154346 0.860507 0.107936
0.699698 0.435156 0.480943  1.93763  3.44569 0.731447 0.153912 0.861343 0.107939
0.687105 0.457037 0.472485  1.95296  3.53211 0.745553 0.156396 0.859435 0.172208
0.686985 0.457139 0.472423  1.95294   3.5323 0.745544 0.156102 0.861325 0.172036
0.686935 0.457185 0.472391  1.95291  3.53224 0.745551 0.155836 0.860713 0.172116
0.674831 0.47604 0.466834 1.96812 3.61771 0.76366 0.150458 0.858856 0.165483
0.674634 0.476163 0.466774  1.96803  3.61768 0.763645 0.149389 0.858525 0.165242
0.674544 0.476232 0.466727  1.96796  3.61754 0.763651  0.14869  0.85707 0.165315
0.665702 0.488505 0.461371 1.98227 3.70386 0.77686 0.138527 0.874842 0.093322
0.665475 0.488651 0.461275  1.98217  3.70379 0.776869  0.137403  0.874013 0.0934258
0.660597 0.496199 0.456555  1.99541  3.79131 0.782921  0.123035  0.882595 0.0280367
0.660411 0.496314 0.456476  1.99537  3.79138 0.782968 0.122529 0.883188 0.028577
0.660344 0.496359 0.456441  1.99531  3.79126 0.782968  0.121933   0.88191 0.0285815
0.658732 0.498482 0.451811  2.00769  3.88026 0.783084   0.121919   0.896312 -0.0305405
0.658639 0.498511 0.451803   2.0077  3.88045 0.783136   0.122004   0.898109 -0.0299735
0.656159 0.502951 0.44764  2.03145  4.06262 0.771525   0.110256    0.92803 -0.0272026
0.651314 0.508785 0.445379  2.04232  4.15679 0.771339  0.103259  0.940883 0.0405828
0.643277 0.519302 0.442689  2.06213  4.35221 0.799189 0.0938635  0.996543  0.193627
0.635753 0.530144 0.445798  2.08016  4.65556 0.829856 0.0185289   1.03494 0.0159639
0.639284 0.525598 0.441874 2.06777 4.97401 0.81962 -0.0937876    1.08674 -0.0817258
0.644166 0.520556 0.437988  2.04772  5.19413 0.793426 -0.102519    1.1185 -0.169023
0.644154 0.520621 0.43789   2.0477  5.19365 0.793522 -0.102464   1.11601 -0.168348
0.640791 0.523584 0.443717  2.00963  5.53589 0.730254  -0.16325   1.17255 -0.159902
0.6408 0.523621 0.443645  2.00971  5.53484 0.730478 -0.162647     1.169 -0.158861
0.636697 0.531247 0.43496   1.9732  5.77481 0.711411  -0.206274    1.23069 -0.0152665
0.6367 0.531292 0.434889  1.97332  5.77417 0.711731  -0.205361    1.22741 -0.0133624
0.630321 0.539742 0.428407  1.95163  5.89574 0.714447 -0.225026    1.2186 0.0595871
0.630343 0.539752 0.428386   1.9517  5.89547 0.714496 -0.22421   1.2159 0.060078
0.620912 0.551158 0.421189  1.92823  6.01845 0.725995 -0.244877   1.23998   0.15501
0.62096 0.551148 0.421196   1.9283  6.01826 0.726009 -0.244077   1.23819  0.155122
0.611366 0.56172 0.414178 1.90364 6.14259 0.74382 -0.24604   1.2467 0.179599
0.61137 0.561727 0.414166  1.9037 6.14212 0.74385 -0.245449   1.24199  0.179896
0.603414 0.569613 0.409162  1.87909  6.26681 0.759271 -0.245942   1.25543  0.131664
0.603366 0.569618 0.409158  1.87912  6.26632 0.759241 -0.245687   1.25046  0.131316
0.597859 0.575043 0.405194 1.85455 6.39217 0.76963 -0.246807   1.26083 0.0817051
0.597818 0.57503 0.405214  1.85454  6.39216 0.769601 -0.246884   1.26068  0.081405
0.591801 0.581702 0.400745  1.80498  6.64724 0.791344 -0.252143   1.29989  0.177864
0.591783 0.581669 0.400784  1.80492  6.64811 0.791322 -0.252458    1.3043  0.177774
0.590504 0.583018 0.398896  1.75326  6.90746 0.837988 -0.260698   1.28065  0.292187
0.591265 0.581031 0.398686  1.70008  7.17021 0.907243 -0.269665   1.34281  0.404024
0.59411 0.576476 0.396803   1.6468  7.43873 0.987439 -0.267048   1.34909  0.356077
0.593563 0.573164 0.399486 1.59594    7.71 1.04889 -0.231603   1.34267  0.273371
0.595161 0.573802 0.398573 1.55082 7.98032 1.10983 -0.213031   1.38005  0.384615
0.596354 0.573595 0.39704 1.51062 8.26119 1.20009 -0.19012   1.4365 0.527052
0.596465 0.574367 0.395607 1.47649 8.54765 1.32067 -0.153818   1.43493  0.680471
0.596497 0.574327 0.39567 1.47644 8.54783 1.32047 -0.154285   1.43599  0.679132
0.596196 0.573263 0.395091  1.4481 8.83509 1.44678 -0.127064    1.4329  0.549396
0.596315 0.573191 0.395195 1.44804 8.83702 1.44717 -0.127574   1.44289  0.551085
0.597055 0.570874 0.393701 1.43638 8.98274 1.50006 -0.101417   1.45471  0.500005
0.595626 0.56749 0.396075 1.42788 9.13034 1.54837 -0.0708784    1.46033   0.460504
0.595017 0.565312 0.39736 1.42262 9.27681 1.59209 -0.0308825    1.45184   0.425009
0.591387 0.561069 0.40289 1.42097 9.42192 1.63288 -0.000188569      1.43186     0.398197
0.587302 0.556625 0.409277 1.42248 9.56386 1.66969 0.0247929   1.39002  0.336959
0.58489 0.55376 0.412913 1.42675 9.70021 1.70247 0.0606792   1.32281  0.319486
0.587048 0.5499 0.409681 1.44692 9.94802 1.77605 0.151962  1.15256 0.420742
0.607178 0.537618 0.409007 1.48991 10.1617 1.85487 0.279077  1.01029 0.346172
0.607182 0.53757 0.409064  1.4898 10.1612 1.85481 0.278327  1.00747 0.346014
0.622222 0.521336 0.413591 1.52111 10.2595   1.887 0.352567 0.965303 0.290009
0.639064 0.502976 0.417105 1.55955  10.353 1.91331 0.429374 0.925631 0.256751
0.653115 0.484594 0.425631 1.60614 10.4417 1.93519 0.508152 0.868621 0.180695
0.653043 0.484615 0.42564 1.60596 10.4412 1.93512 0.506348 0.863777 0.180031
0.663613 0.469141 0.435706 1.66046  10.525  1.9531 0.584285 0.811172 0.183376
0.663549 0.469144 0.435748 1.66022 10.5245 1.95302 0.581823 0.805794  0.18266
0.666945 0.461529 0.448859 1.72193 10.6022 1.97471 0.651227 0.756803 0.259451
0.666912 0.461534 0.448877  1.7218  10.602 1.97468 0.649906  0.75388   0.2593
0.668439 0.456549 0.459435 1.78873 10.6729 2.00418 0.682299 0.677736 0.318503
0.673312 0.453485 0.459986 1.85861 10.7372 2.03821 0.713704 0.617788 0.363708
0.678318 0.449727 0.458065 2.00955 10.8525 2.11463 0.797241 0.536207 0.360379
0.674681 0.444298 0.463005 2.09106 10.9041 2.14817 0.833897 0.485806 0.303096
0.67101 0.440972 0.467121 2.17651 10.9493 2.17584  0.86784 0.417224 0.250549
0.67101 0.441062 0.466982 2.17675 10.9494 2.17591 0.870368  0.41855 0.251195
0.668191 0.444595 0.467871 2.35801 11.0143 2.21268 0.939947 0.239396 0.132176
0.668201 0.444722 0.467663 2.35887 11.0148 2.21291 0.944562 0.241867 0.133489
0.664541 0.454804 0.468385  2.5538  11.048 2.22988   1.00294 0.0892679  0.040823
0.664542 0.454995 0.468102 2.55502 11.0485 2.23011   1.00943 0.0924223 0.0422162
0.658475 0.459205 0.471235  2.7569 11.0586 2.23117    1.01562 -0.0015903   -0.01338
0.652802 0.456214 0.476269 2.86051 11.0557  2.2316    1.02534 -0.0739429  0.0251215
0.647653 0.457277 0.480944  2.9639 11.0442 2.23731    1.0231 -0.178995 0.0786976
0.647645 0.457391 0.48079  2.9642 11.0443 2.23737    1.0263 -0.177427 0.0795138
0.642191 0.461018 0.487307 3.06614  11.022  2.2489   1.01048 -0.268356  0.144626
0.642249 0.461075 0.487194 3.06628 11.0221 2.24899     1.012 -0.266491  0.145809
0.642239 0.461103 0.487161 3.06632 11.0221   2.249   1.01245 -0.266447  0.145898
0.63793 0.464102 0.492252 3.16523 10.9886 2.26714  0.965475 -0.416261  0.203691
0.637974 0.464168 0.49214 3.16531 10.9888 2.26723  0.966374 -0.414217  0.204804
0.637466 0.468171 0.492068  3.3472 10.8825 2.31869  0.861484 -0.629823  0.320402
0.642326 0.470015 0.486209 3.50993 10.7424 2.39032  0.767094 -0.768578  0.333717
0.648469 0.474582 0.478252 3.65929 10.5773 2.44754  0.719504 -0.869916   0.21107
0.654258 0.48047 0.470201 3.73022 10.4893 2.46647  0.696965 -0.887095  0.171278
0.657471 0.485053 0.465308 3.79872    10.4 2.48108  0.673739 -0.898834  0.124486
0.659727 0.486939 0.461245 3.92967 10.2261 2.50207  0.632135 -0.849816 0.0695293
0.659725 0.486976 0.461197 3.92975 10.2262 2.50204  0.632648 -0.849364 0.0694893
0.662779 0.477915 0.455891 4.11692 9.97357 2.54762  0.641685 -0.819631  0.215359
0.662824 0.477932 0.455849 4.11673 9.97425 2.54772 0.641174 -0.81696 0.216089
0.66668 0.470434 0.458816 4.24725 9.80861 2.58238   0.67731 -0.842574  0.112617
0.666738 0.470446 0.458766 4.24722 9.80905 2.58256  0.677309 -0.840015  0.113813
0.672824 0.463809 0.461677 4.31529 9.72492 2.59086  0.694959  -0.84359 0.0511286
0.672911 0.463797 0.461642 4.31522  9.7252 2.59092  0.694266 -0.840643 0.0518057
0.679121 0.455738 0.465055 4.38451 9.64055 2.59336    0.691995   -0.850651 0.000574229
0.682427 0.450983 0.470031 4.45451 9.55644 2.59291   0.708117   -0.83989 -0.0144459
0.682504 0.450994 0.469967 4.45438 9.55678 2.59289   0.706829  -0.836298 -0.0147678
0.684659 0.447941 0.473814 4.52524 9.47385 2.58895   0.710326  -0.832195 -0.0604265
0.686125 0.445274 0.475911 4.59562 9.39205 2.58276   0.702661  -0.828691 -0.0578732
0.689183 0.443812 0.474031 4.73543 9.22656 2.59015  0.696164 -0.847282  0.150428
0.68795 0.446539 0.474587 4.87554 9.06087 2.63008  0.714082 -0.795205  0.257553
0.692366 0.448462 0.467877 5.01897 8.90519 2.67764  0.725632 -0.769656  0.177903
0.697675 0.450224 0.459973 5.16476 8.75842 2.70389  0.744402 -0.695169   0.10537
0.700717 0.451525 0.455637 5.24051 8.69174  2.7137  0.768184 -0.644861 0.0937336
0.706108 0.445056 0.448696 5.40039 8.57411 2.73516   0.84289 -0.542726  0.160339
0.702936 0.440312 0.453563 5.48569 8.52003 2.75432  0.874612 -0.546373   0.22638
0.701399 0.436074 0.455792 5.57589 8.46716 2.77973  0.932605 -0.521717   0.29529
0.699917 0.433544 0.457917 5.67181 8.41619   2.809  0.982551 -0.512129  0.270678
0.698361 0.435102 0.45973 5.77288 8.36509 2.83302   1.02957 -0.511677  0.206406
0.696736 0.43671 0.461791 5.87737 8.31424  2.8499   1.06469 -0.511909   0.13197
0.695628 0.437849 0.463106 5.98507 8.26329 2.86019    1.0948  -0.50925 0.0754682
0.694341 0.440067 0.464596 6.09629 8.21212 2.86716   1.12568 -0.510513 0.0754197
0.691238 0.444559 0.468631 6.21024 8.16104 2.87747  1.14396 -0.51159  0.12832
0.688786 0.447721 0.472185 6.32445 8.11005 2.89433   1.13897 -0.508736  0.181084
0.687561 0.449618 0.473742 6.43848 8.06067 2.91555   1.13394 -0.487593  0.240255
0.687209 0.449297 0.474474 6.55128 8.01332 2.93937  1.11948 -0.46445 0.215636
0.687147 0.449371 0.474409 6.55173 8.01316 2.93941     1.124 -0.466135  0.216068
0.687082 0.450765 0.475056 6.66333 7.96732 2.95781   1.10399 -0.449776  0.147269
0.688293 0.452395 0.473535 6.77348 7.92293 2.96912   1.09116 -0.430982 0.0743576
0.692056 0.453124 0.467993 6.88183 7.88055 2.97343     1.0785  -0.418767 0.00919213
0.697877 0.4546 0.459828 6.98952  7.8409 2.97416   1.07556 -0.374111 0.0211143
0.702039 0.456252 0.454267 7.09764 7.80674 2.97977   1.09221 -0.310881 0.0952744
0.703416 0.458963 0.452608 7.20709 7.78034  2.9952   1.09322 -0.252868  0.202055
0.707089 0.462618 0.447348 7.31699 7.76033 3.01869    1.1021 -0.149032  0.275916
0.710491 0.454738 0.443857 7.54045  7.7504 3.08742     1.136 0.0482637  0.386565
0.710264 0.448553 0.445179 7.65638 7.75818 3.12409   1.17786 0.0945925   0.32999
0.710292 0.448546 0.445167 7.65644 7.75827 3.12409   1.17847 0.0956594  0.330047
0.709051 0.446377 0.447525 7.77616 7.77013 3.15401  1.21498 0.141208 0.262312
0.709057 0.446401 0.447482 7.77637 7.77021 3.15402  1.21716 0.142106 0.262489
0.704274 0.445193 0.454861 7.89998 7.78604 3.17738  1.25174 0.174901 0.198001
0.699816 0.445072 0.461302 8.02636 7.80503 3.19349  1.26649 0.202897 0.124787
0.696404 0.44552 0.465741 8.15383 7.82664 3.20297   1.27678  0.224494 0.0634033
0.693576 0.4479 0.469011 8.28147 7.84958 3.20662     1.2734   0.235049 0.00798914
0.691259 0.451183 0.471634 8.40834 7.87342 3.20398    1.25364   0.241676 -0.0569332
0.688913 0.453387 0.47428 8.53213 7.89828 3.19591   1.22199  0.256595 -0.113231
0.685656 0.455081 0.477598 8.77077 7.95349 3.16543   1.15432  0.283574 -0.168658
0.685549 0.454979 0.476774 8.99373  8.0156 3.14459    1.08618   0.338105 -0.0494991
0.689086 0.449049 0.478013 9.10177 8.04922 3.13768  1.07235 0.332207  -0.1041
0.696942 0.436243 0.48187 9.20837 8.08273 3.12438   1.05701  0.333447 -0.165162
0.706672 0.418249 0.489567 9.31412 8.11608 3.10416   1.05631  0.328818 -0.232255
0.717501 0.397169 0.498447 9.41948 8.14891 3.07891   1.04257  0.320538 -0.266479
0.72538 0.373012 0.511684 9.52323 8.18112 3.05168   1.02211  0.310762 -0.283189
0.733473 0.348008 0.524107 9.62386 8.21124 3.02089  0.990088  0.290155 -0.327287
0.742786 0.321281 0.533388 9.72067 8.23813 2.98576  0.954345  0.254904 -0.379948
0.753373 0.293465 0.538914 9.81416 8.26112 2.94713 0.921979 0.213661  -0.3822
0.76221 0.268032 0.542831 9.90433 8.27856 2.91216  0.880824  0.123442 -0.319449
0.76871 0.245257 0.548839 9.99106 8.28759 2.88543  0.861424 0.0545002 -0.225629
0.768712 0.245276 0.548818 9.99096 8.28758 2.88556  0.860451 0.0544847  -0.22418
0.773017 0.224351 0.556417 10.0764 8.28938 2.86647   0.840632 -0.0219718  -0.139839
0.772985 0.224412 0.556398 10.0763 8.28934 2.86657   0.839844 -0.0224626  -0.138686
0.775556 0.204478 0.564844 10.1597 8.28294 2.85603   0.810538  -0.108746 -0.0770498
0.776929 0.18676 0.572668 10.2377 8.26733 2.85165    0.760656   -0.192843 -0.00932741
0.777189 0.173302 0.578666 10.3105 8.24403 2.85423  0.695361 -0.274144 0.0443351
0.781756 0.168502 0.576594 10.3776 8.21256 2.85876  0.650458 -0.347129 0.0302816
0.787555 0.172134 0.571348 10.4405 8.17483 2.85878   0.609785  -0.401309 -0.0268142
0.790964 0.176773 0.56772    10.5  8.1335 2.85291   0.581255  -0.427639 -0.0946332
0.792708 0.181774 0.564895   10.61 8.04668  2.8257  0.522258 -0.446413 -0.187061
0.793025 0.177938 0.56753   10.71 7.95502 2.77886  0.472069 -0.468107 -0.261062
0.794843 0.16912 0.569361 10.7561 7.90779 2.75583  0.433976 -0.484051 -0.184896
0.7967 0.159258 0.571257 10.7962 7.85904 2.73986  0.381338 -0.479242 -0.143885
0.797721 0.15086 0.573437 10.8345 7.81256  2.7286   0.373085  -0.461089 -0.0694005
0.798591 0.138706 0.57647 10.8677 7.76614 2.72389   0.313646  -0.475419 -0.0358572
0.800887 0.122494 0.578364 10.8971 7.71901 2.72306  0.298606 -0.470149 0.0343745
0.803183 0.10225 0.580637 10.9256 7.67178 2.72947  0.277003 -0.480547 0.0872618
0.805974 0.0780455 0.581755 10.9513 7.62308 2.73998  0.250675 -0.504402  0.113218
0.807554 0.0518868 0.583565 10.9746 7.57176 2.75193  0.216995 -0.533143  0.105329
0.808737 0.0274205 0.584982 10.9941  7.5163 2.75963  0.183623 -0.571814 0.0504999
0.808735 0.0274406 0.58498 10.9941 7.51621 2.75966  0.183021 -0.572827 0.0508786
0.809493 0.00509331 0.585703  11.011 7.45684 2.76172    0.152695   -0.608323 -0.00952401
0.809501 0.00515092 0.585685  11.011 7.45669 2.76174    0.152949   -0.609888 -0.00936603
0.809503 0.00518325 0.58568  11.011 7.45666 2.76175    0.153034   -0.610223 -0.00924461
0.809448 -0.0185733 0.586021 11.0249 7.39391 2.75836   0.120432  -0.645287 -0.0680779
0.809472 -0.0184797 0.585983 11.0249 7.39371 2.75839   0.121206  -0.647382 -0.0677687
0.809426 -0.0378311 0.585638 11.0355 7.32588 2.75016   0.089826  -0.703002 -0.0995427
0.80945 -0.0377522 0.585605 11.0356  7.3257 2.75017  0.0905452   -0.70495 -0.0994485
0.80648 -0.0512152 0.588961  11.043 7.25322 2.73807 0.0551346 -0.743454 -0.147647
0.806514 -0.0512066 0.588914  11.043 7.25321 2.73812 0.0552903 -0.743539 -0.147142
0.798934 -0.0605005 0.598358  11.046 7.17674 2.72224 0.00331745  -0.790891  -0.172254
0.798966 -0.0605253 0.598314  11.046 7.17683 2.72229 0.00337784  -0.789928  -0.171649
0.793063 -0.0671087 0.605427 11.0427 7.09648 2.70105 -0.068923  -0.82554 -0.229175
0.793772 -0.0665805 0.604554 11.0306 7.01148 2.67955  -0.16752 -0.868839 -0.191492
0.799689 -0.0668441 0.596682 10.9818 6.82916 2.65589   -0.31179  -0.960075 -0.0364086
0.799079 -0.0621012 0.59791 10.8618 6.52014 2.66809 -0.488299  -1.10651 0.0200559
0.797498 -0.0519294 0.600965 10.7523 6.28772 2.66593    -0.60938      -1.206 -0.00896252
0.79491 -0.0425167 0.605129 10.6198 6.03616 2.67869 -0.728318  -1.29357  0.129576
0.79842 -0.0447961 0.600121 10.4575 5.76916 2.70488 -0.880061  -1.37907 0.0956466
0.798556 -0.0502329 0.599283 10.2714 5.48421 2.70828  -0.972928   -1.47164 -0.0978796
0.798051 -0.0519056 0.59973 10.1716 5.33432 2.68814  -1.03088  -1.52512 -0.296983
0.798442 -0.0526033 0.599093 10.0675 5.17959 2.65118  -1.05154  -1.57013 -0.448186
0.799201 -0.0528053 0.598044 9.96133 5.01952 2.59917 -1.07571 -1.62754 -0.56491
0.80016 -0.0519828 0.596912 9.85195 4.85323 2.54076  -1.11589  -1.69527 -0.602135
0.801171 -0.0506888 0.595788 9.73904 4.68182 2.47944  -1.14307  -1.72873 -0.607274
0.800504 -0.0496966 0.596884 9.62239 4.50579 2.41793  -1.17925  -1.79008 -0.603781
0.798371 -0.0473562 0.600122 9.50308 4.32454 2.36259  -1.20773  -1.82914 -0.500665
0.798055 -0.0412941 0.601161 9.37907 4.14061 2.31597  -1.25043  -1.84296 -0.434541
0.800746 -0.036899 0.597835 9.25208 3.95703 2.27613 -1.30332  -1.8217 -0.35252
0.802931 -0.0336221 0.59497 9.11944 3.77615 2.24375  -1.35468  -1.80091 -0.279069
0.804764 -0.0342174 0.592393 8.98328 3.59875 2.21484  -1.37395   -1.7531 -0.313231
0.805803 -0.0346428 0.590909 8.84589 3.42599 2.18015  -1.38452  -1.70327 -0.382309
0.806011 -0.0361403 0.590591 8.70759 3.25765 2.13719  -1.41174  -1.67238 -0.482827
0.805624 -0.0354268 0.591142 8.56735 3.09318 2.08629  -1.39829  -1.63282 -0.550243
0.806613 -0.0344332 0.589843 8.42725 2.93254 2.02711  -1.40758  -1.58893 -0.626787
0.806846 -0.0351825 0.589564 8.28753 2.77513 1.96199  -1.40109  -1.56638 -0.676753
0.809973 -0.0334003 0.58538 8.14815 2.62087 1.89141  -1.40157  -1.52644 -0.752541
0.819202 -0.0315043 0.572517 8.00852 2.46979 1.81348  -1.38199  -1.50168 -0.808578
0.830827 -0.0296192 0.555631 7.87337 2.32177  1.7308   -1.3175  -1.46716 -0.844085
0.838791 -0.0282696 0.543637 7.74455 2.17615 1.64494  -1.24828  -1.44983 -0.870629
0.842655 -0.0252814 0.537778 7.62365 2.03269 1.55677  -1.15881  -1.42456 -0.893151
0.834533 -0.0236845 0.550377 7.51217 1.89199 1.47097  -1.08175  -1.39566 -0.860768
0.822173 -0.0214578 0.568733 7.40737 1.75406 1.38306 -1.00635 -1.36062 -0.89155
0.813508 -0.0194903 0.58107 7.30679 1.61894 1.29072  -1.00205  -1.33313 -0.966041
0.811602 -0.0186427 0.583689 7.20575 1.48718 1.19354 -1.01763 -1.29391  -0.9614
0.811625 -0.0185093 0.583666 7.20579 1.48706 1.19373  -1.01728  -1.29526 -0.959271
0.812419 -0.0192627 0.582481   7.104 1.35952 1.10051  -1.01805  -1.25957 -0.924288
0.812443 -0.0191384 0.582458 7.10408 1.35946 1.10072  -1.01713  -1.26039 -0.921996
0.815952 -0.0207107 0.577436 7.00174 1.23556 1.01413  -1.03694  -1.21648 -0.832218
0.815941 -0.020604 0.57746 7.00168 1.23539 1.01424  -1.03759  -1.21835 -0.830944
0.81917 -0.0210336 0.572733  6.89972  1.11537 0.936608  -1.01316  -1.17272 -0.733817
0.81914 -0.0210014 0.572779  6.89957  1.11527 0.936693  -1.01482  -1.17372 -0.732772
0.822382 -0.0214985 0.568012 6.80004 1.00058 0.86815 -0.975855  -1.11661 -0.637282
0.822352 -0.0214977 0.568056  6.79992  1.00055 0.868226 -0.977165  -1.11686 -0.636369
0.825727 -0.0237385 0.563079  6.70458 0.891174 0.807644 -0.916939   -1.0539 -0.577101
0.825695 -0.0237137 0.56313  6.70438 0.891047 0.807673 -0.919062  -1.05523  -0.57663
0.826592 -0.0247547 0.561767  6.61522 0.786214 0.753629 -0.870938  -1.02951 -0.513773
0.826566 -0.024711 0.561809  6.61498 0.786142 0.753722 -0.873502  -1.03025 -0.512632
0.826571 -0.0247 0.561803  6.61498 0.786132 0.753722 -0.873495  -1.03035  -0.51263
0.82658 -0.0246843 0.561792  6.61501 0.786146 0.753741 -0.873247  -1.03021 -0.512449
0.82637 -0.0229705 0.562036  6.53089 0.685621 0.707586 -0.823166 -0.984129 -0.418362
0.826397 -0.0229199 0.562002  6.53087 0.685693 0.707741  -0.82345 -0.983425 -0.416702
0.826424 -0.0228847 0.561967  6.53096 0.685765 0.707811 -0.822565 -0.982706 -0.416014
0.826453 -0.0228609 0.561927  6.53107 0.685878 0.707903 -0.821401 -0.981582 -0.415107
0.826483 -0.0228341 0.561886  6.53118 0.685976 0.707988 -0.820363 -0.980599 -0.414264
0.82651 -0.0228079 0.561848  6.53125 0.686047 0.708057 -0.819599 -0.979882 -0.413582
0.825562 -0.0220198 0.563112  6.37381 0.500693  0.64125 -0.753235 -0.880342 -0.277853
0.825594 -0.022017 0.563068  6.37384 0.501003 0.641557 -0.753259 -0.878757 -0.276249
0.826848 -0.0224332 0.56117  6.23016  0.33532 0.577972 -0.680777 -0.780117 -0.359862
0.829962 -0.0205938 0.556486  6.10385 0.190169 0.501027 -0.573611 -0.672327 -0.388885
0.830643 -0.0224602 0.555516   5.99684 0.0668813  0.435503 -0.482692 -0.562897 -0.255477
0.829916 -0.019955 0.556487    5.91208 -0.0359206   0.401592  -0.361852  -0.463949 -0.0899649
0.832035 -0.0191231 0.553153   5.84571 -0.118589  0.389556 -0.289776 -0.359527 -0.079689
0.828185 -0.0193228 0.558793   5.77028 -0.221719  0.332394  -0.114706  -0.152049 -0.0816836
0.823353 -0.0276451 0.566313   5.74686 -0.218624  0.308458 0.0132946  0.128366 -0.147145
0.822464 -0.0504409 0.566398   5.75324 -0.195728  0.269327  0.040974 0.0899253 -0.257864
0.819784 -0.0774513 0.567365   5.75762 -0.189017  0.240918 0.0477721 0.0329546 -0.307342
0.814583 -0.106553 0.57012   5.76124 -0.190027  0.207864  0.0406395 -0.0588052  -0.343624
0.803496 -0.134013 0.579834   5.76353 -0.200958  0.172889 -0.00148724   -0.166233   -0.354037
0.791844 -0.15833 0.589203   5.76026 -0.222244   0.13647 -0.0700434  -0.262201  -0.379769
0.783728 -0.179599 0.593034   5.74944 -0.254348 0.0974769 -0.147618 -0.375057 -0.406539
0.781032 -0.198632 0.58907   5.72985 -0.296667 0.0550619 -0.243078   -0.4685 -0.443587
0.783696 -0.211005 0.578594   5.70107 -0.347559 0.0151897  -0.33704 -0.543908 -0.353776
0.784955 -0.217551 0.571253    5.66514  -0.405886 -0.0153823 -0.384416 -0.612355 -0.261551
0.784336 -0.222998 0.567623    5.62465  -0.468907 -0.0360608  -0.42436 -0.647312 -0.158897
0.781561 -0.227793 0.56833   5.57984 -0.534963 -0.047144  -0.475199  -0.673538 -0.0792177
0.779208 -0.232075 0.568342   5.53057 -0.603967  -0.05469 -0.516348 -0.706602 -0.094834
0.778938 -0.241472 0.563372    5.47721  -0.675661 -0.0667559 -0.548337 -0.731228 -0.147245
0.778399 -0.254887 0.556203    5.42041  -0.750371 -0.0840489 -0.585268 -0.760873  -0.19958
0.775424 -0.272538 0.550052   5.36138 -0.828128 -0.105289 -0.591882  -0.80131 -0.213997
0.769377 -0.292454 0.546162   5.30007 -0.910067 -0.123677 -0.629945  -0.84254 -0.153586
0.762446 -0.311545 0.54264   5.23556 -0.996316 -0.134008  -0.660672  -0.886451 -0.0514083
0.755565 -0.326591 0.538393   5.16652  -1.08682 -0.135859   -0.722642    -0.91322 -0.00108387
0.751182 -0.343085 0.52925   5.09374  -1.18028 -0.134039  -0.74041 -0.953908 0.0150116
0.751189 -0.343025 0.529306   5.09363  -1.18058 -0.134105 -0.741524 -0.956944 0.0143227
0.746252 -0.361249 0.519042     5.019    -1.278 -0.135416  -0.749764  -0.994583 -0.0307498
0.746255 -0.361189 0.519104    5.0189  -1.27831 -0.135511  -0.750782  -0.997736 -0.0317841
0.742189 -0.374219 0.50979   4.94408  -1.37957 -0.140159  -0.744739    -1.0249 -0.0579693
0.738276 -0.382772 0.504187   4.87029  -1.48421 -0.146357  -0.722734   -1.05872 -0.0593894
0.736373 -0.388124 0.500062   4.79805   -1.5921 -0.151053   -0.711992    -1.09939 -0.00945662
0.737662 -0.387857 0.494484   4.72829  -1.70389 -0.147623 -0.682852  -1.12891 0.0803035
0.740046 -0.387072 0.489686   4.66207   -1.8188 -0.135452 -0.635945  -1.16512  0.159471
0.742181 -0.385991 0.486969   4.60095  -1.93636 -0.118108 -0.592063  -1.18433  0.160377
0.745848 -0.383544 0.484522    4.49321   -2.17706 -0.0959543 -0.488067  -1.22883 0.0690319
0.74804 -0.380694 0.484579   4.40589  -2.42743 -0.081734 -0.387727   -1.2861 0.0888681
0.74815 -0.380862 0.482654    4.36995   -2.55605 -0.0709279 -0.321109  -1.31824  0.141105
0.748095 -0.381175 0.481599    4.34135   -2.68912 -0.0513946 -0.253611  -1.34679  0.241048
0.748464 -0.381779 0.479021    4.31823    -2.8236 -0.0248521 -0.205479  -1.34793  0.285688
0.744842 -0.385262 0.478146    4.30126   -2.95992 0.00520347 -0.140276   -1.3734  0.302285
0.734545 -0.390982 0.481772   4.28979   -3.0976 0.0343591 -0.0909079    -1.3756    0.25724
0.719137 -0.40463 0.48689   4.28374  -3.23544 0.0578006 -0.0414849    -1.3657   0.197458
0.698915 -0.426283 0.494442   4.27982  -3.37078 0.0742869 -0.0413207     -1.339   0.140816
0.676792 -0.450369 0.500326   4.27475  -3.50353 0.0852366 -0.0679631     -1.313   0.081059
0.6582 -0.472651 0.498938   4.26509  -3.63298 0.0919422  -0.12509  -1.27219 0.0460168
0.658218 -0.472604 0.498993   4.26516  -3.63316 0.0918465 -0.124388  -1.27403 0.0449547
0.644997 -0.492455 0.489188  4.24932 -3.75882 0.094423 -0.191251  -1.23903 0.0140185
0.6335 -0.510402 0.476686   4.22742  -3.88154 0.0935628  -0.250406    -1.2026 -0.0215474
0.633537 -0.510362 0.476735   4.22746  -3.88162 0.0935155  -0.250059   -1.20345 -0.0220754
0.622999 -0.524456 0.467893   4.20065  -4.00107 0.0953813 -0.285952  -1.18305 0.0443626
0.616815 -0.531419 0.459468   4.1695  -4.1198 0.105092 -0.330708  -1.16783  0.136381
0.616791 -0.533814 0.448246  4.13589 -4.23584 0.121558 -0.333542  -1.14055  0.194033
0.618987 -0.538081 0.438959  4.10224  -4.3486 0.140586 -0.335684  -1.12453  0.183302
0.621481 -0.541224 0.432721  4.06875    -4.46 0.155391 -0.337465  -1.10816  0.113118
0.617609 -0.54979 0.438643  4.00144 -4.68162 0.166892  -0.35342  -1.11221 0.0106002
0.616327 -0.550593 0.442195  3.96464 -4.79356 0.166502  -0.382859   -1.12004 -0.0294047
0.625215 -0.548851 0.435674  3.88157 -5.02101 0.152661  -0.43644  -1.15443 -0.107578
0.630267 -0.546303 0.432246  3.83674 -5.13867 0.143784  -0.462729   -1.18741 -0.0710323
0.636608 -0.540978 0.426769  3.79034 -5.26078 0.141114 -0.463977  -1.23758 0.0188647
0.643124 -0.537889 0.419903  3.74393 -5.38606 0.146104 -0.455207  -1.26777 0.0800279
0.647348 -0.535751 0.416137  3.70025 -5.51637 0.160375 -0.414599  -1.32055  0.195877
0.647722 -0.534983 0.416962  3.66075 -5.65216 0.184237 -0.379431  -1.36528  0.281752
0.64835 -0.53358 0.417229   3.6244  -5.7914 0.215425 -0.349695  -1.41389  0.348051
0.646758 -0.533176 0.419504   3.5915 -5.93477  0.25194 -0.309595  -1.44964  0.359585
0.647243 -0.530597 0.418591  3.56189 -6.08175 0.285489 -0.277379  -1.48603  0.306989
0.648734 -0.527579 0.416141  3.53602 -6.23225 0.313367 -0.241497  -1.51901  0.253896
0.651324 -0.524986 0.412005  3.51467  -6.3858 0.335261 -0.186972  -1.54963  0.196785
0.65134 -0.524966 0.412028  3.51469 -6.38593 0.335242 -0.186744  -1.55095  0.196562
0.65538 -0.521985 0.40522  3.49921 -6.54203 0.352404 -0.119761  -1.57418  0.151311
0.656824 -0.519755 0.402826  3.49154 -6.70083 0.365689 -0.0274443   -1.59382   0.113859
0.654395 -0.516099 0.406904  3.49282 -6.86174 0.375406 0.0509406  -1.61456  0.076237
0.649337 -0.514396 0.414563  3.50179 -7.02243 0.380083    0.1256  -1.60673 0.0226038
0.649293 -0.514405 0.414563  3.50176 -7.02221 0.380063  0.125284  -1.60439 0.0223739
0.642895 -0.516266 0.423934  3.51803 -7.18161 0.379769    0.19575    -1.5857 -0.0189623
0.642837 -0.516275 0.423943  3.51799 -7.18133 0.379772   0.195274    -1.5829 -0.0189432
0.639068 -0.519702 0.429199  3.53934 -7.33821 0.378569  0.235633  -1.55728 0.0197118
0.636208 -0.521866 0.433159  3.56408 -7.49232 0.384453   0.26058  -1.53231 0.0829067
0.640882 -0.516697 0.426275  3.62243 -7.79778 0.416941 0.326503 -1.51388 0.241641
0.643291 -0.513425 0.422663  3.65737 -7.94729 0.442807 0.378947 -1.48848 0.252491
0.643262 -0.513423 0.422677  3.65737 -7.94709 0.442824  0.37902 -1.48647 0.252689
0.643266 -0.515234 0.423083  3.69837 -8.09516 0.465634 0.434522 -1.47017 0.201028
0.643199 -0.515262 0.423068  3.69835  -8.0949 0.465644 0.434396  -1.4675  0.20115
0.642177 -0.517428 0.42496   3.7437 -8.24004   0.4822 0.469434  -1.4467 0.126939
0.64213 -0.517418 0.425002  3.74365 -8.23965 0.482211 0.468918 -1.44277 0.127087
0.641912 -0.518715 0.426471  3.84528 -8.52592 0.494712  0.549118  -1.42445 0.0124546
0.641883 -0.518677 0.426544  3.84518 -8.52539 0.494648 0.548428 -1.42154 0.012041
0.641698 -0.517236 0.428851  3.96268 -8.80763 0.503163 0.631766 -1.40343 0.105394
0.641662 -0.517205 0.4289  3.96248 -8.80691 0.503098 0.630702 -1.39951 0.104953
0.638732 -0.519661 0.434263  4.02719 -8.94664 0.517116 0.659194 -1.39731 0.164727
0.633946 -0.525194 0.441655  4.09358 -9.08655 0.536647 0.661028 -1.40002 0.203119
0.631633 -0.526812 0.4447  4.15875 -9.22594 0.555243 0.643073 -1.38948 0.155948
0.630758 -0.527856 0.444631  4.28255 -9.50029 0.573524  0.597088  -1.35544 0.0444031
0.633197 -0.523223 0.440369  4.39815 -9.76754 0.575632    0.57263   -1.31723 -0.0308575
0.637406 -0.517359 0.434959  4.51496 -10.0277 0.567142   0.603773   -1.28535 -0.0245005
0.638256 -0.515371 0.435359  4.64202 -10.2835 0.584641 0.660607 -1.26516 0.164478
0.634264 -0.520085 0.442401  4.77805  -10.528 0.623317 0.691343 -1.21465 0.178969
0.630127 -0.523902 0.448588  4.84626 -10.6476 0.638653 0.678258 -1.18833 0.119685
0.62772 -0.521129 0.456309  4.91317 -10.7654 0.648907  0.659841  -1.17154 0.0851781
0.628382 -0.50893 0.467568  4.97795 -10.8806 0.654864 0.641279 -1.13413 0.032629
0.638866 -0.489851 0.475033  5.04119 -10.9903  0.65514   0.629793   -1.06859 -0.0332167
0.658874 -0.468536 0.477126  5.10382  -11.094 0.648741   0.634179   -1.00641 -0.0908308
0.678867 -0.443438 0.485128  5.16751 -11.1925 0.637159   0.64467 -0.963346 -0.133525
0.693201 -0.409074 0.504221  5.23207 -11.2855 0.623843  0.639921 -0.884454 -0.137615
0.707299 -0.372311 0.524699  5.29618 -11.3695 0.607575  0.639737 -0.794841 -0.191856
0.707252 -0.372412 0.524614  5.29615 -11.3694 0.607734  0.639595 -0.793883 -0.190114
0.724061 -0.337694 0.53907  5.35792 -11.4431 0.586528  0.602678 -0.692313 -0.242971
0.723985 -0.337847 0.53897   5.3577 -11.4427 0.586805  0.600614 -0.688027 -0.239952
0.740092 -0.311575 0.547022  5.41486 -11.5076 0.560569  0.544656 -0.621888 -0.283257
0.739961 -0.311807 0.546918  5.41425 -11.5066 0.561112  0.538747 -0.611039 -0.277425
0.751518 -0.295359 0.550972  5.46499 -11.5653 0.531727  0.483048  -0.57348 -0.301367
0.751357 -0.295597 0.550914    5.464 -11.5637 0.532411  0.473164 -0.557086 -0.294106
0.758613 -0.282301 0.55435  5.50906 -11.6176 0.502307  0.431309 -0.526835  -0.31196
0.758553 -0.282454 0.554279  5.50843 -11.6166  0.50272  0.425088 -0.516931 -0.307598
0.768652 -0.26778 0.55282  5.54878 -11.6666 0.472918  0.387873 -0.487392 -0.273684
0.778777 -0.252809 0.548923  5.58506 -11.7143 0.450517  0.333998 -0.472313 -0.185894
0.778817 -0.25285 0.548849  5.58509 -11.7143 0.450512   0.33445 -0.472288 -0.185868
0.785724 -0.241833 0.545428  5.61718 -11.7607 0.436536     0.3121  -0.455028 -0.0959253
0.78575 -0.241832 0.545401  5.61732 -11.7609 0.436485   0.313626  -0.456186 -0.0963909
0.785762 -0.241802 0.54541 5.61742 -11.761 0.43646   0.314629  -0.457563 -0.0966179
0.788288 -0.236157 0.546399  5.68093 -11.8543 0.437668  0.318468 -0.466792 0.0946672
0.788337 -0.2361 0.546387  5.68166 -11.8551 0.437553    0.3225 -0.471157 0.0943889
0.788339 -0.236127 0.546362  5.68164 -11.8551  0.43757  0.322399 -0.471064 0.0945278
0.788331 -0.236134 0.546365  5.68159 -11.8551 0.437571  0.322132 -0.470737   0.09454
0.788339 -0.234175 0.545309  5.74514 -11.9471 0.464643  0.310425 -0.444512  0.125221
0.788357 -0.234141 0.545316  5.74584 -11.9478 0.464683  0.314162 -0.448256  0.125706
0.788364 -0.234164 0.545291   5.7458 -11.9477 0.464685  0.313951 -0.447936  0.125711
0.788354 -0.234176 0.545292  5.74574 -11.9477 0.464673  0.313683 -0.447537  0.125625
0.788345 -0.234179 0.545299  5.74568 -11.9476 0.464656  0.313349 -0.447017  0.125509
0.788342 -0.234175 0.545306  5.74566 -11.9475 0.464648   0.31325 -0.446842  0.125457
0.784991 -0.23688 0.54718  5.80887  -12.033 0.495727  0.309943 -0.402419  0.194799
0.784938 -0.236875 0.547247  5.80938 -12.0336 0.495784   0.31249 -0.405043  0.195079
0.784933 -0.236901 0.547232  5.80934 -12.0335 0.495766  0.312329 -0.404754  0.194966
0.780252 -0.238789 0.550557   5.8748 -12.1113 0.540152  0.331998 -0.365165  0.181971
0.780174 -0.238791 0.550646  5.87545  -12.112 0.540241  0.335232 -0.368716  0.182155
0.78018 -0.238777 0.55065  5.87543  -12.112 0.540233 0.335093 -0.36865 0.182129
0.773546 -0.240199 0.557773  5.94052  -12.179 0.563688   0.31505 -0.301526 0.0698009
0.765879 -0.238606 0.567655  5.97157 -12.2072 0.568278   0.28711 -0.244663 0.0303874
0.774926 -0.243524 0.554781   6.0228 -12.2469 0.581038  0.233223 -0.149656  0.153338
0.774883 -0.243555 0.554809  6.02291  -12.247 0.580824  0.233795 -0.149977  0.151845
0.774886 -0.243524 0.55483  6.02282 -12.2469 0.580731  0.233322 -0.149817  0.151295
0.773358 -0.239699 0.556909  6.09348 -12.2796 0.674928    0.22466 -0.0531364   0.450468
0.77332 -0.239655 0.556999  6.09314 -12.2793 0.673835   0.223258 -0.0522748    0.44574
0.776639 -0.241206 0.55181  6.17523 -12.2665 0.913208 0.193995 0.103956 0.637326
0.783943 -0.246145 0.540098  6.30042 -12.1614  1.15683 0.261274  0.22318 0.302787
0.783931 -0.246051 0.540203  6.29776 -12.1615  1.15058 0.256276 0.222743 0.290661
0.78391 -0.244732 0.540311  6.37682 -12.0839  1.26545 0.281687 0.292832 0.380267
0.783907 -0.244677 0.540358  6.37654 -12.0847  1.26396 0.280581 0.289741 0.374788
0.779691 -0.241619 0.546448  6.46557 -11.9874  1.34613 0.310093 0.364879 0.211393
0.779727 -0.241405 0.546591  6.46446 -11.9892  1.34451 0.305892 0.358248 0.205755
0.770785 -0.237965 0.559253  6.49478 -11.9517   1.3624 0.300034 0.395095 0.157337
0.770816 -0.237761 0.559389  6.49448 -11.9521   1.3621 0.296963 0.390757 0.154293
0.761765 -0.235521 0.57186  6.52317 -11.9108  1.37402  0.264835  0.439956 0.0756887
0.759115 -0.233533 0.575567 6.57824  -11.75 1.37621 0.105265 0.640481 0.034366
0.767731 -0.236961 0.564644  6.58933 -11.6105  1.39941 0.0199397  0.753856  0.176798
0.767709 -0.236825 0.564783  6.58858 -11.6105  1.39954 0.0156353  0.753807  0.177574
0.775365 -0.241412 0.55433   6.5892 -11.5325  1.41831 -0.00177106    0.794084    0.192633
0.775311 -0.241325 0.554469   6.5889 -11.5323  1.41838 -0.00506238    0.795591    0.193387
0.780148 -0.243901 0.547227   6.5885 -11.3716  1.44711 0.00155389   0.809988  0.0781401
0.780074 -0.243847 0.547365  6.58805 -11.3711   1.4472 -0.00120411     0.81245   0.0786168
0.778037 -0.244755 0.550275  6.58779 -11.2067  1.45204 -0.0010543   0.828147  -0.018302
0.777991 -0.244677 0.550398  6.58742 -11.2066  1.45201 -0.00332637    0.829102  -0.0184537
0.776193 -0.244241 0.552955  6.58499 -11.0389  1.44022 -0.0218966   0.849263 -0.0586783
0.776175 -0.244136 0.553063   6.5845 -11.0389  1.44022 -0.0248692   0.849278 -0.0587505
0.78059 -0.244274 0.547075  6.58349 -10.8705  1.44583 -0.0107616   0.852047  0.0915585
0.78057 -0.244229 0.54714  6.58312 -10.8703  1.44604 -0.0129748   0.853245  0.0927142
0.785608 -0.24636 0.539934    6.583 -10.7855  1.46053 0.0132979  0.843237  0.200073
0.785604 -0.246307 0.539982  6.58286 -10.7856  1.46054 0.0116793  0.842911  0.200148
0.789486 -0.248211 0.534221  6.58761 -10.7035  1.48349 0.0690944   0.80992  0.261042
0.789478 -0.248195 0.534242  6.58753 -10.7034  1.48349 0.0682386  0.810605  0.261028
0.785269 -0.24964 0.539667  6.60668 -10.5455  1.54663 0.113877 0.765677 0.298405
0.785266 -0.249626 0.539678  6.60662 -10.5454  1.54662 0.113473 0.766031 0.298325
0.779902 -0.248025 0.546813   6.6307 -10.3929  1.59316 0.123896 0.756206 0.180372
0.779921 -0.247984 0.546819  6.63078 -10.3931    1.593 0.124325 0.755273 0.179498
0.775193 -0.239432 0.552654  6.65411 -10.2411  1.61894 0.108971 0.779356 0.083074
0.775238 -0.239374 0.552647  6.65418 -10.2415  1.61882 0.109438 0.777344 0.082418
0.775459 -0.240369 0.552128   6.6755 -10.0791  1.62216   0.103768   0.838304 -0.0390031
0.775507 -0.24028 0.552146  6.67552 -10.0797  1.62207   0.103983   0.835113 -0.0394306
0.77409 -0.243914 0.554657  6.69574 -9.90805    1.601 0.0901723  0.878175 -0.161794
0.774112 -0.243908 0.554636   6.6958 -9.90803  1.60106 0.0905572  0.878201 -0.161469
0.773684 -0.244149 0.555303  6.71142 -9.72828   1.5613 0.0659399  0.915527 -0.196461
0.773714 -0.244124 0.555288  6.71149 -9.72846   1.5613 0.0664056  0.914524 -0.196475
0.776628 -0.244224 0.551545 6.72311  -9.543 1.53852  0.0545318   0.936657 -0.0286941
0.776673 -0.244196 0.551515  6.72304 -9.54347  1.53858  0.0542032    0.93423 -0.0283866
0.778351 -0.246343 0.548964 6.73219 -9.3526  1.5405  0.047611  0.964351 0.0142906
0.778393 -0.246342 0.548916  6.73207 -9.35292  1.54068 0.0470554  0.962679 0.0152474
0.778018 -0.247946 0.549036  6.74138 -9.16108  1.53371  0.0461522   0.957695 -0.0831114
0.778054 -0.247974 0.548971  6.74123 -9.16123  1.53391  0.0453619   0.956982 -0.0820178
0.777296 -0.249339 0.549691  6.74995 -8.97003  1.50726 0.0393698  0.954665 -0.178333
0.777329 -0.249355 0.549637  6.74985 -8.97004  1.50738 0.0388499  0.954584 -0.177731
0.776516 -0.248773 0.550746  6.75672 -8.78018  1.46496 0.0282324  0.941696 -0.243629
0.776578 -0.248743 0.550696  6.75662 -8.78043  1.46505 0.0278152  0.940359 -0.243175
0.778217 -0.241925 0.548274   6.7617 -8.59084  1.41409   0.03076  0.971988 -0.232912
0.77829 -0.241885 0.54822  6.76163 -8.59111  1.41423 0.0305673   0.97051 -0.232094
0.778619 -0.242209 0.547961  6.77105 -8.39403  1.38465 0.0519323   1.01036 -0.068336
0.778693 -0.242165 0.547905  6.77093 -8.39485  1.38502   0.051526     1.0061 -0.0662239
0.777189 -0.245125 0.550302  6.77722 -8.18772  1.38856 0.00938184    1.05873   0.092959
0.777262 -0.245059 0.550268  6.77725 -8.18883  1.38892 0.00985161    1.05301  0.0950569
0.775165 -0.248715 0.552879 6.78002  -7.977 1.40683 0.00686758    1.05652  0.0403753
0.77522 -0.248669 0.552854  6.78013 -7.97795  1.40706 0.00772479    1.05165  0.0416828
0.77532 -0.249204 0.552238  6.77897 -7.76722  1.39985 -0.0174791    1.05581   -0.11097
0.775377 -0.249123 0.552242  6.77903 -7.76813  1.39997 -0.0170851    1.05112  -0.110288
0.774083 -0.248525 0.553904  6.77462 -7.55843  1.37097 -0.0410897    1.04877  -0.192273
0.774115 -0.248485 0.553908  6.77474 -7.55868  1.37107 -0.0403094    1.04743  -0.191616
0.774715 -0.248879 0.552955  6.76534 -7.34811  1.34062 -0.0602745    1.05505  -0.107539
0.774713 -0.248857 0.552979  6.76548 -7.34779  1.34068 -0.0594289    1.05661  -0.107102
0.775153 -0.249317 0.552494   6.7514 -7.13503   1.3351 -0.0830018    1.06262  0.0644875
0.777132 -0.250681 0.54897  6.73296 -6.92283  1.35038 -0.0961393    1.05587  0.0424485
0.77703 -0.251956 0.548549   6.7127 -6.71223  1.34661  -0.105339    1.05095 -0.0671804
0.775208 -0.252846 0.550632  6.69142 -6.50441  1.32378 -0.113585   1.03422 -0.152417
0.77613 -0.253486 0.548944  6.66751 -6.29848  1.28699 -0.125856   1.03335 -0.200393
0.778975 -0.255119 0.545099 6.64234 -6.0962 1.25877  -0.111089   0.995084 -0.0529511
0.779039 -0.25503 0.545101 6.64228 -6.0973  1.2589  -0.111471    0.98945 -0.0523956
0.779101 -0.254957 0.54509  6.64231 -6.09862    1.259   -0.11125   0.982724 -0.0519329
0.780888 -0.255337 0.542556  6.62107 -5.90839  1.26327 -0.0818778   0.925397  0.0910469
0.781018 -0.255099 0.542603   6.6209 -5.91085  1.26327 -0.0829752   0.912814  0.0906731
0.782651 -0.257359 0.540059  6.60194 -5.73159  1.29288 -0.0935626   0.878192   0.148738
0.787012 -0.258335 0.533589  6.59264 -5.64744   1.3042 -0.0838253   0.842038  0.0788907
0.79296 -0.260435 0.524507 6.58619 -5.5656 1.30858 -0.0421862   0.807384  0.0177702
0.797318 -0.262904 0.517701  6.58442 -5.48856  1.30826 0.00699359   0.751236 -0.0270313
0.800094 -0.264958 0.513234  6.5883 -5.4173 1.30296  0.0642293    0.68562 -0.0897577
0.802861 -0.267161 0.508631  6.59812 -5.35246  1.29148  0.131017  0.610234 -0.141023
0.798918 -0.266412 0.51476  6.66644 -5.20146   1.2458  0.322474    0.3958 -0.117489
0.793631 -0.264613 0.5234  6.74042 -5.13607  1.24116   0.42136  0.261531 0.0647488
0.793628 -0.264543 0.523459   6.7402 -5.13621  1.24122  0.419894  0.260928 0.0651875
0.790765 -0.262714 0.529273   6.7851 -5.11244  1.25224 0.469261 0.214544  0.17632
0.790755 -0.262677 0.529313  6.78499 -5.11239  1.25227 0.468075 0.215173 0.176604
0.785213 -0.257453 0.541466  6.83231 -5.09294  1.27528 0.474709 0.172695 0.278359
0.782553 -0.248636 0.551827 6.87927 -5.0771 1.30588 0.467455 0.142234 0.342363
0.784932 -0.234823 0.55744 6.92424 -5.0645 1.34433 0.427195 0.104245 0.417244
0.792181 -0.220669 0.554756 6.96567 -5.0567 1.38926  0.398627 0.0558484  0.481639
0.799516 -0.209481 0.549982  7.00498 -5.05331  1.44029  0.387378 0.0117394  0.517593
0.799494 -0.209507 0.549995  7.00498 -5.05328  1.44038  0.387322 0.0121127  0.518664
0.806476 -0.202022 0.543646   7.0442 -5.05423     1.49   0.400376 -0.0343307   0.466313
0.813913 -0.193878 0.536442  7.12731 -5.06877   1.5729  0.439666 -0.114214  0.357595
0.812958 -0.191696 0.538856  7.22339 -5.10107  1.64132   0.52577 -0.212362  0.374965
0.809714 -0.187907 0.54365  7.27767 -5.12398   1.6821  0.559845 -0.241896  0.431879
0.809721 -0.187903 0.543643  7.27768 -5.12399  1.68216  0.559931 -0.241936  0.432573
0.806368 -0.18276 0.54837 7.33465  -5.149  1.7282 0.566435 -0.25141 0.469562
0.806339 -0.182769 0.548403  7.33451 -5.14897  1.72821  0.564896 -0.251096  0.469776
0.801747 -0.178781 0.554495  7.39154 -5.17332  1.77207  0.577899 -0.230697  0.404671
0.801697 -0.178773 0.554565  7.39124 -5.17325  1.77201  0.574662 -0.229975    0.4043
0.79885 -0.177439 0.557978   7.4487 -5.19519  1.80862  0.574608 -0.202588  0.331353
0.798782 -0.17743 0.558072   7.4483 -5.19512  1.80852  0.570261 -0.201816  0.330597
0.798767 -0.177457 0.558073  7.44829 -5.19512   1.8085   0.57012 -0.201758  0.330357
0.798752 -0.177491 0.55807  7.44828 -5.19511  1.80849 0.570039 -0.20173 0.330289
0.798737 -0.177532 0.558063  7.44829 -5.19512   1.8085  0.570211 -0.201811  0.330385
0.794246 -0.177475 0.563477 7.56234 -5.2289 1.86283 0.567135 -0.12917 0.234784
0.794158 -0.177537 0.563544  7.5616 -5.2288 1.86264  0.562962 -0.128624  0.234182
0.794147 -0.17757 0.563537  7.56172 -5.22884   1.8627  0.563616 -0.128798  0.234414
0.794128 -0.177611 0.563534  7.56182 -5.22888  1.86276  0.564113 -0.128991  0.234735
0.794105 -0.177654 0.563534 7.56185 -5.2289 1.86276  0.564283 -0.129088  0.234769
0.794083 -0.177711 0.563524   7.5619 -5.22893  1.86278  0.564528 -0.129198   0.23483
0.79407 -0.177763 0.563506  7.56201 -5.22897  1.86285  0.565121 -0.129399  0.235184
0.783662 -0.177889 0.578888  7.61801 -5.23893  1.88923   0.539058 -0.0712721   0.301854
0.783628 -0.177905 0.578917  7.61792 -5.23896  1.88921    0.53795 -0.0715374   0.301798
0.783625 -0.177928 0.578906  7.61798 -5.23898  1.88926   0.538618 -0.0717168   0.302197
0.780237 -0.174866 0.585885   7.6688 -5.24389  1.91915   0.472462 -0.0245443   0.299394
0.780225 -0.174903 0.585877  7.66872 -5.24392  1.91918   0.471612 -0.0248201   0.299834
0.78578 -0.172905 0.580801  7.71263 -5.24475  1.95227   0.396266 0.00635902   0.358119
0.785776 -0.172967 0.580773   7.7125 -5.24477  1.95228   0.394881 0.00614494   0.358347
0.785783 -0.172978 0.580759  7.71246 -5.24476  1.95225  0.394508 0.0061993   0.35803
0.794274 -0.163671 0.572169  7.78258 -5.23976  2.02455  0.321984 0.0477864  0.330161
0.79428 -0.163726 0.572136 7.78216 -5.2398 2.02441  0.319746 0.0474805   0.32952
0.792031 -0.153406 0.576726  7.83996 -5.22494  2.09475 0.257144 0.119982 0.384421
0.792937 -0.158554 0.576476   7.8814 -5.19228  2.18555 0.176296 0.185669 0.471049
0.797289 -0.165739 0.569188  7.93797 -5.08587  2.34172 0.0527038  0.229409  0.147735
0.800151 -0.161109 0.564834  7.93587 -4.91989  2.37312 -0.0461208   0.263336 -0.0217733
0.802041 -0.146799 0.561147  7.92394 -4.83058  2.32389 -0.0373103   0.361287  -0.177471
0.803873 -0.130518 0.556817  7.92006 -4.74115  2.30557 0.00528564   0.549937 0.00136508
0.804472 -0.114126 0.553353  7.94075 -4.51661  2.34399 0.134634  0.96945  0.24978
0.803851 -0.107745 0.552999  7.97908 -4.28904  2.40821 0.234462  1.30568 0.373849
0.802549 -0.106861 0.554433  8.00504 -4.15014  2.44549 0.279331  1.46239 0.348118
0.80165 -0.105749 0.55496  8.03504 -3.99588  2.47742 0.329186  1.61518 0.295427
0.799827 -0.105478 0.556808  8.06961 -3.82645  2.50372 0.368739  1.77695 0.235048
0.797181 -0.108564 0.560837  8.10783 -3.64057  2.52346 0.396637  1.94032 0.166015
0.795471 -0.113515 0.563891  8.14799 -3.43931   2.5371 0.412195  2.08255 0.107282
0.792266 -0.120528 0.569755  8.18983 -3.22392  2.54572  0.421419    2.2182 0.0726386
0.787742 -0.130021 0.577812  8.23167 -2.99689   2.5494 0.407336  2.31171 0.010622
0.785512 -0.134036 0.581192 8.27173 -2.7619 2.54861   0.380249    2.38224 -0.0298947
0.787364 -0.128872 0.578651  8.30929 -2.52026  2.54241   0.366065    2.45592 -0.0757016
0.790017 -0.117458 0.576224  8.34527 -2.27009  2.53199  0.342567   2.54714 -0.138356
0.791693 -0.108187 0.575425  8.37889 -2.01039  2.51889  0.329478   2.64447 -0.136517
0.791922 -0.105543 0.577671  8.41297 -1.73957  2.51045   0.331583    2.77156 -0.0394694
0.793503 -0.114588 0.57968  8.44387 -1.45777  2.50815   0.286658    2.85845 0.00250945
0.795455 -0.122892 0.579459  8.47091 -1.17017  2.50981   0.257812    2.88948 0.00898769
0.797288 -0.128063 0.578159  8.49553 -0.88215  2.50923   0.239525    2.87336 -0.0325117
0.799606 -0.129684 0.575464   8.51764 -0.595613   2.50298   0.204932    2.86522 -0.0976583
0.801624 -0.127522 0.574116   8.53687 -0.310478   2.48924  0.183115   2.84142 -0.180201
0.803929 -0.118842 0.573574   8.55412 -0.027641   2.46903  0.178076   2.81793 -0.209447
0.806079 -0.107932 0.574169  8.57025 0.253133  2.44968  0.145616   2.79864 -0.161808
0.807045 -0.0934788 0.576783  8.58478 0.532153  2.43659  0.135897   2.76741 -0.104204
0.809448 -0.0771305 0.577196  8.59643 0.808831  2.42678   0.111659    2.76274 -0.0816909
0.810784 -0.0605529 0.578728 8.60695 1.08436 2.42279   0.102504    2.74817 0.00157348
0.812028 -0.0430435 0.579719 8.61467 1.35945 2.42558 0.0543098   2.74223 0.0528721
0.813909 -0.0242189 0.579026 8.61991 1.63375 2.43273 0.0423555   2.73848 0.0987536
0.817065 -0.00710025 0.575771 8.62281 1.90724 2.44746 0.00855893    2.71803   0.181773
0.819182 0.00610464 0.573145 8.62429 2.17874 2.46708 0.0165001   2.70746  0.204323
0.821494 0.0145213 0.569838 8.62595 2.44829 2.48486 0.012199  2.68047 0.138196
0.822989 0.0191163 0.567622 8.62694 2.71543 2.49483 0.00174229    2.66057  0.0609928
0.823148 0.0202089 0.567377 8.62889 2.98083 2.49681 0.0396749   2.63591 -0.017392
0.824524 0.0178221 0.565487 8.63421 3.24374 2.49219  0.0582327     2.6133 -0.0635545
0.824767 0.0122636 0.565323 8.64165  3.5048 2.48356 0.0896187   2.59696 -0.112536
0.825974 0.00453322 0.563686 8.65318   3.763  2.4713  0.137295   2.55708 -0.132154
0.827773 -0.00713486 0.560838 8.66767   4.016 2.45582  0.150848   2.49782 -0.174052
0.829953 -0.0176452 0.557022 8.68329 4.26055 2.43575  0.173304   2.40282 -0.223506
0.831442 -0.0260645 0.554071 8.70321 4.49392 2.41445  0.218862   2.28078 -0.198273
0.832679 -0.0323818 0.551465 8.72753 4.71329 2.39783  0.265695   2.11592 -0.117919
0.833272 -0.0329024 0.550669 8.75703 4.91722 2.39136   0.316473    1.97096 -0.0292032
0.834798 -0.0357921 0.547972 8.79057  5.1067 2.39227  0.37228  1.82318 0.043622
0.838562 -0.0355303 0.542234 8.83062  5.2816 2.40044 0.430128  1.68066 0.101425
0.842361 -0.0265992 0.537516 8.87718  5.4419 2.41425 0.490418  1.55264 0.142118
0.844451 -0.0129866 0.535351 8.93012 5.59139 2.42601 0.565166  1.46249 0.090639
0.844849 -0.0048542 0.534976 8.99063 5.73443 2.43247  0.642056   1.41038 0.0436918
0.843451 0.00168273 0.537177 9.05806 5.87348 2.43434     0.707203      1.38124 -0.000676146
0.837026 0.00929177 0.546892 9.13266 6.01045 2.43326   0.780414    1.37044 -0.0324706
0.831935 0.0131794 0.554594 9.21284 6.14871  2.4308   0.825197    1.39492 -0.0116007
0.827489 0.0178453 0.561196 9.29716 6.28929 2.43276  0.854583   1.40693 0.0500864
0.822598 0.0321496 0.567581 9.38244  6.4298 2.44114  0.85163  1.40542 0.106658
0.819858 0.0522013 0.5697  9.4681 6.57001 2.45427 0.852821  1.41494  0.15089
0.816787 0.0776434 0.570557 9.55185  6.7107 2.47399 0.822333  1.41718 0.233399
0.811579 0.106627 0.572271  9.6326 6.85298 2.50115  0.79309  1.42463 0.289988
0.808246 0.129954 0.570696 9.70978 6.99576 2.52939 0.767103  1.43556   0.2683
0.80645 0.146806 0.567745 9.78428 7.13824 2.55223 0.737377  1.42781 0.197273
0.801633 0.162358 0.569521 9.85567 7.28118   2.569 0.702419  1.44067 0.145584
0.794514 0.179703 0.57315 9.92294 7.42705 2.57994  0.647523   1.47799 0.0977187
0.783401 0.192124 0.580445 9.98432 7.57647 2.59106 0.579078  1.50651 0.143483
0.761412 0.198326 0.599564 10.0379 7.72729   2.613 0.482426  1.48357 0.264478
0.739849 0.203032 0.615195   10.08 7.87157 2.64277 0.347843  1.37642 0.326225
0.729633 0.216192 0.616555 10.1075 8.00209 2.67788 0.189775  1.21818 0.365009
0.725377 0.235449 0.610959 10.1183 8.11566 2.71857 0.032836  1.05308 0.439165
0.725491 0.235086 0.611112 10.1183 8.11603 2.71872 0.0322922     1.057  0.440764
0.722196 0.254468 0.603351 10.1135 8.21401 2.76394 -0.122445  0.900847  0.472198
0.722525 0.269334 0.589004 10.0943 8.29841 2.81175 -0.24729 0.770923  0.46715
0.722604 0.269091 0.589132 10.0943  8.2986 2.81185 -0.248095  0.772911  0.468248
0.717705 0.283574 0.580332 10.0656 8.36944 2.85675 -0.325336  0.636061  0.430596
0.717763 0.283414 0.580424 10.0656 8.36956 2.85679 -0.325738    0.6373  0.430976
0.710448 0.297747 0.576609 10.0298 8.42527 2.89518 -0.389606  0.482433  0.332993
0.717818 0.31485 0.558939 9.98734 8.46543  2.9217 -0.454197  0.327363  0.215011
0.730472 0.329363 0.536905 9.93993 8.49344 2.93909 -0.486618  0.245021  0.135592
0.738704 0.336718 0.522457 9.89152 8.51447 2.95082 -0.479834  0.185092 0.0987646
0.728471 0.343904 0.530024 9.79718 8.54609 2.96254    -0.46841    0.113676 -0.00764146
0.719579 0.35051 0.540587 9.74953 8.55439 2.95823  -0.491643  0.0599604 -0.0787419
0.704735 0.358826 0.5594 9.63881 8.55896 2.92973  -0.628946 -0.0094597  -0.189653
0.70042 0.362714 0.565144 9.49389 8.55244 2.89127  -0.830439 -0.0428014  -0.117722
0.704365 0.358971 0.559819 9.40487 8.54547 2.88272  -0.952004 -0.0880745  -0.060114
0.712046 0.355802 0.549664  9.3055 8.53387  2.8794    -1.03473   -0.141844 -0.00848497
0.719937 0.357234 0.539472 9.19977  8.5182  2.8823  -1.07291 -0.161918  0.071473
0.719937 0.357143 0.539557 9.19958 8.51815 2.88225   -1.0749  -0.16252 0.0708701
0.724685 0.358253 0.533476 9.09038 8.50106 2.89013  -1.10497 -0.178428 0.0702223
0.728034 0.356431 0.529011 8.97844 8.48265 2.89316   -1.12195   -0.19101 0.00172512
0.730165 0.353507 0.526221 8.86532 8.46308 2.89139  -1.12505 -0.205484 -0.026296
0.730187 0.35342 0.5263 8.86513 8.46314 2.89137   -1.12694   -0.20481 -0.0265537
0.73351 0.352608 0.521834 8.75228 8.44177 2.88961      -1.1295    -0.224818 -0.000922283
0.733537 0.352557 0.521865 8.75223 8.44185 2.88962     -1.13006    -0.223957 -0.000932827
0.739615 0.35422 0.513404 8.63989 8.41893 2.89101  -1.11264 -0.229143 0.0440147
0.739616 0.354206 0.513415 8.63981 8.41899 2.89103  -1.11347 -0.228536 0.0440884
0.746128 0.356098 0.503968  8.5293 8.39577 2.89952  -1.09321 -0.237603  0.116046
0.750126 0.358122 0.497861 8.42288   8.374 2.91573  -1.02024 -0.190111   0.18464
0.746281 0.365258 0.503258 8.22889 8.34399 2.94916 -0.923221 -0.105984  0.134533
0.736179 0.370881 0.517126 8.13727 8.33562 2.95954  -0.908216 -0.0583395   0.077538
0.727788 0.375163 0.528178  8.0449 8.33131 2.96429  -0.932541 -0.0286744  0.0205359
0.721026 0.379667 0.53664 7.84608 8.33429 2.96728  -1.06478 0.0618886 0.0794182
0.720194 0.383313 0.537869  7.6216 8.35999 2.99963 -1.17665 0.192371 0.206548
0.720045 0.385667 0.538698 7.37225 8.40931 3.02871  -1.32168  0.294183 0.0742557
0.721194 0.386068 0.537651 7.23612 8.44185 3.03262    -1.39242    0.355363 -0.00587183
0.729716 0.381301 0.52732 7.09333 8.48083 3.02785   -1.45295   0.413116 -0.0855633
0.739976 0.374647 0.514358 6.94674 8.52559 3.01639   -1.4693  0.476008 -0.148847
0.748592 0.369966 0.502176     6.8 8.57592 2.99879  -1.45304  0.533441 -0.199214
0.751764 0.37201 0.493405 6.65613 8.63283 2.97638  -1.41628  0.602034 -0.251594
0.751642 0.381151 0.484278 6.51653 8.69625 2.94924  -1.37199  0.665712 -0.291951
0.747949 0.393761 0.475647 6.38173 8.76667 2.92016  -1.31141  0.750419 -0.270094
0.740675 0.409166 0.468334 6.25407 8.84639 2.89622  -1.23746  0.839588 -0.202433
0.740695 0.409141 0.468358 6.25396 8.84649 2.89617  -1.23858  0.840573 -0.203069
0.731907 0.423508 0.461588 6.13366 8.93356 2.88171 -1.16836 0.894531 -0.10524
0.722181 0.430508 0.460636  6.0212 9.02679 2.87574   -1.08522   0.956799 -0.0309324
0.722157 0.430518 0.460649 6.02112 9.02675 2.87575    -1.0861   0.956315 -0.0309561
0.708604 0.434873 0.468788 5.91597 9.12362 2.87117   -1.01879   0.973308 -0.0793877
0.708566 0.434903 0.46878 5.91604 9.12353 2.87117  -1.01817  0.972355 -0.079382
0.700097 0.434958 0.473121 5.81638  9.2213 2.85887 -0.976869  0.977872 -0.170674
0.700091 0.434968 0.473113 5.81636 9.22135 2.85888 -0.976953  0.978399 -0.170542
0.697003 0.436107 0.472764 5.72113 9.31904 2.83819 -0.933775  0.966278 -0.256757
0.695954 0.437431 0.471734 5.63042 9.41406 2.81084 -0.885157   0.93484 -0.294525
0.695951 0.437444 0.471719 5.63052 9.41404 2.81084 -0.884042  0.934673 -0.294553
0.694253 0.4374 0.473127 5.54414 9.50643 2.77971 -0.838346  0.911158 -0.324504
0.69507 0.435723 0.473737 5.38429 9.68435 2.70635 -0.765615  0.866731 -0.415352
0.699551 0.43237 0.468749 5.31015 9.77024 2.66257 -0.709264  0.848479 -0.451323
0.699593 0.432364 0.468724 5.31006 9.77037 2.66248 -0.710131  0.849776 -0.452303
0.695424 0.430173 0.478956 5.17947 9.93623 2.56362 -0.607773  0.804546 -0.541209
0.695481 0.430192 0.478889 5.17928 9.93651  2.5634 -0.608542  0.806045 -0.542462
0.68519 0.428275 0.495775 5.06189 10.0898 2.44681 -0.577888  0.728048 -0.621823
0.685262 0.428285 0.495712 5.06167 10.0903 2.44655 -0.578834  0.730669 -0.623162
0.68668 0.428643 0.494503 4.94727 10.2254 2.30725 -0.560187   0.62402 -0.722023
0.686734 0.42866 0.494445 4.94714 10.2257 2.30707 -0.560701  0.626128 -0.722954
0.684 0.424746 0.49802 4.89046  10.286 2.23784 -0.572784    0.5714 -0.647483
0.684001 0.42479 0.497962  4.8905  10.286 2.23784 -0.572307  0.571736 -0.647411
0.683994 0.4248 0.497953 4.89051  10.286 2.23786 -0.572241  0.571465  -0.64721
0.684008 0.424793 0.497954 4.89049  10.286 2.23784 -0.572425  0.571767 -0.647403
0.684018 0.424783 0.497961 4.89047  10.286 2.23783 -0.572576  0.571974 -0.647567
0.687584 0.425816 0.492681 4.77606 10.3858 2.11402 -0.567005   0.43575 -0.545415
0.687601 0.425808 0.492674 4.77613  10.386 2.11396 -0.566581  0.436981 -0.545658
0.687603 0.425788 0.4927 4.77612 10.3859 2.11396 -0.566677  0.436765 -0.545666
0.687636 0.425748 0.49273 4.77603 10.3861 2.11386 -0.567131  0.437424 -0.546182
0.68767 0.425714 0.492753 4.77595 10.3862 2.11377 -0.567568  0.438088 -0.546634
0.691739 0.426591 0.486886 4.71945 10.4272 2.06286 -0.558273  0.384324 -0.473446
0.691803 0.426514 0.486935 4.71944 10.4274 2.06278 -0.558262  0.386648 -0.474238
0.6918 0.426508 0.486944 4.71945 10.4274 2.06279 -0.55815 0.386581 -0.47411
0.694521 0.426984 0.483031 4.66543  10.465 2.01906 -0.524935  0.356018  -0.40247
0.69457 0.426898 0.483104 4.66543 10.4651 2.01898 -0.524944   0.35788 -0.403272
0.695147 0.4197 0.481928 4.56613 10.5293 1.94296 -0.467548  0.268911 -0.420691
0.695385 0.42218 0.482655 4.48165 10.5749 1.84462 -0.385636  0.180307 -0.557057
0.69433 0.425532 0.484857 4.40927 10.6057 1.72066 -0.333796  0.135668 -0.663016
0.69435 0.425471 0.484911 4.40939 10.6056 1.72072 -0.333122  0.135092 -0.662668
0.694639 0.425879 0.484606 4.34624 10.6276 1.59718 -0.287878 0.0914797 -0.530591
0.687239 0.418852 0.495453 4.22455 10.6258 1.37565 -0.207176 -0.113191 -0.519898
0.687248 0.418819 0.495487 4.22465 10.6257 1.37577 -0.207142 -0.113507 -0.519582
0.686972 0.419656 0.494277 4.11551 10.4809 1.10319 -0.219262 -0.451439 -0.421774
0.686984 0.419597 0.49433 4.11527 10.4808 1.10313 -0.220075 -0.451801 -0.421829
0.683549 0.418404 0.496601  4.05621  10.3232 0.977995 -0.181417 -0.606257 -0.484032
0.683549 0.418355 0.496657  4.05594   10.323 0.977729  -0.18257 -0.607129 -0.484869
0.680749 0.423821 0.500393   4.0209  10.1884 0.889419 -0.174535 -0.738126 -0.390043
0.680734 0.423765 0.500474  4.02073  10.1882 0.889243 -0.175598 -0.739415 -0.390913
0.676445 0.431722 0.507212 4.00245 10.1126  0.8544 -0.199925 -0.770807 -0.320521
0.676459 0.431623 0.507323  4.00236  10.1125 0.854356 -0.200998 -0.771664  -0.32092
0.676024 0.436855 0.508789 3.97978 10.0334 0.82635 -0.252654 -0.804288  -0.24569
0.676039 0.436784 0.508865  3.97977  10.0334 0.826347 -0.252864 -0.804241 -0.245663
0.684175 0.432935 0.498702  3.91939  9.87141 0.777986 -0.328583 -0.815631 -0.285584
0.684167 0.432885 0.498765  3.91934  9.87127 0.778024 -0.328902  -0.81653 -0.285216
0.689765 0.428489 0.491517   3.8854  9.78878 0.746551 -0.336396 -0.827071 -0.337173
0.689729 0.428478 0.491552  3.88539  9.78865 0.746508 -0.336556 -0.828449 -0.337541
0.689728 0.428472 0.491561  3.88538  9.78863 0.746489 -0.336661 -0.828705 -0.337737
0.695012 0.425592 0.485197  3.82031   9.6222 0.677187  -0.31513  -0.83676 -0.326867
0.694977 0.425581 0.485234  3.82034  9.62201 0.677106 -0.315012  -0.83786 -0.327242
0.696236 0.423381 0.484116  3.76355  9.45449 0.633397  -0.24851 -0.822111 -0.124931
0.69461 0.423366 0.48798  3.71802  9.28642 0.607168 -0.212518  -0.84797 -0.175983
0.690486 0.426516 0.496522  3.67655  9.11395 0.557816 -0.210475 -0.855547 -0.309684
0.688372 0.424204 0.502995  3.63044  8.94014 0.490725 -0.261636 -0.882214 -0.323237
0.691699 0.421063 0.500118  3.57277  8.76481 0.439169 -0.315288 -0.881259 -0.184632
0.694512 0.421076 0.496982  3.50693  8.58793 0.417739  -0.339565  -0.880058 -0.0258062
0.694858 0.416252 0.501124  3.40084  8.32479 0.406452 -0.361776 -0.869921 -0.112717
0.694352 0.401905 0.508789  3.32529  8.14774 0.370657  -0.38222 -0.913376 -0.247538
0.696603 0.393834 0.513884  3.28687  8.05418 0.342224 -0.385578 -0.956953 -0.322037
0.702748 0.383866 0.517665  3.24793  7.95636 0.309133 -0.393362  -1.00843 -0.361841
0.710967 0.371951 0.522006  3.20857  7.85506 0.272207  -0.39695  -1.03248 -0.388085
0.721397 0.358976 0.524756  3.16864  7.75132 0.235359 -0.413638  -1.06163 -0.343956
0.73047 0.345422 0.526979  3.12737  7.64621 0.204593 -0.426386  -1.06386 -0.293606
0.737319 0.335923 0.527846  3.08534  7.54204 0.179849 -0.426498  -1.05514 -0.213763
0.742157 0.326949 0.528383  3.04272  7.43835 0.164461 -0.431548  -1.05135 -0.117772
0.746728 0.318533 0.528945  2.99987  7.33342 0.157518 -0.426241  -1.06232 -0.053761
0.752011 0.30648 0.529994  2.95976  7.22882 0.157256 -0.380647  -1.05687 0.0502354
0.761977 0.289885 0.525905  2.92207  7.12188 0.166634 -0.37266 -1.09894 0.134296
0.773171 0.272336 0.522358  2.88587     7.01 0.183579 -0.337269   -1.1302  0.224424
0.782462 0.253232 0.52384  2.8566 6.89623 0.20707 -0.263361  -1.15713  0.260389
0.789901 0.232441 0.529598  2.83293  6.77858 0.234418 -0.207404   -1.1922   0.29549
0.7934 0.210271 0.541305  2.81475  6.65775 0.266613 -0.163817  -1.22623  0.353378
0.795799 0.188869 0.553364   2.8005  6.53482 0.303165 -0.134286  -1.22352  0.352722
0.799495 0.163484 0.561699 2.78704  6.4114 0.33569 -0.13089 -1.23409 0.298248
0.802626 0.137608 0.568668  2.77435   6.2889 0.362741 -0.13092 -1.21734 0.234314
0.806011 0.113303 0.572455    2.761  6.16742 0.383771 -0.138715  -1.20407  0.192478
0.808155 0.096045 0.574711  2.74663  6.04743 0.401719  -0.1495  -1.1857 0.190235
0.809485 0.0836009 0.57588  2.73111   5.9294 0.424436 -0.159657  -1.17155  0.269998
0.810757 0.071819 0.576361  2.71335  5.81139 0.454265 -0.186118  -1.17852  0.308576
0.812371 0.059915 0.576315  2.69449  5.69328 0.482624 -0.198146  -1.18227  0.246554
0.813042 0.047669 0.577456  2.67451  5.57456 0.505197 -0.210959  -1.18909  0.181845
0.814297 0.0335686 0.577561  2.65345   5.4554 0.516278 -0.220678  -1.19577 0.0228553
0.815318 0.0153635 0.577659 2.63174 5.33522 0.51016 -0.220217  -1.21033 -0.147931
0.816014 -0.00391577 0.57755  2.60892  5.21355 0.488665 -0.230992  -1.21762 -0.263648
0.816517 -0.0218245 0.576766  2.58548  5.09158 0.458955 -0.238633  -1.21287 -0.316133
0.818191 -0.0343544 0.573908  2.56169  4.97023 0.425595 -0.239602  -1.21692 -0.347979
0.822831 -0.0440534 0.566571  2.53787  4.84884 0.388734 -0.233015   -1.2094 -0.391291
0.831273 -0.0543473 0.553201  2.51607  4.72791 0.346893 -0.198256  -1.21278 -0.432064
0.831283 -0.0543766 0.553183  2.51622  4.72806 0.346889 -0.196659  -1.21119 -0.432158
0.837021 -0.0611741 0.543721  2.50006  4.60606 0.304703 -0.128935  -1.24107 -0.391745
0.835259 -0.0588018 0.546704  2.49114  4.47976 0.270871 -0.0423631   -1.29021  -0.275187
0.831658 -0.053754 0.552644   2.4901  4.35046 0.247191 0.0167734  -1.30924 -0.181541
0.828852 -0.0468178 0.557368  2.49375  4.22016 0.232815 0.0578332  -1.30112 -0.108056
0.831277 -0.0421302 0.554079  2.50174  4.09105 0.224588 0.0981544  -1.28505 -0.058201
0.831277 -0.0421992 0.55407   2.5017   4.0913 0.224632  0.0977102   -1.28249 -0.0577202
0.835357 -0.0393409 0.548118    2.514  3.96365 0.222329   0.148692   -1.26683 0.00801355
0.835364 -0.0394221 0.548098  2.51394  3.96385 0.222379   0.148141   -1.26478 0.00855681
0.838159 -0.0362265 0.544041 2.53127 3.83871 0.22817 0.199448 -1.23808 0.095418
0.837602 -0.0294397 0.545275  2.58512  3.59548 0.263605  0.34221 -1.19077 0.255132
0.836042 -0.0267888 0.54779  2.62243  3.47846 0.293259 0.405633 -1.15699 0.325645
0.836126 -0.0235205 0.547779  2.66505  3.36429 0.329416 0.460226 -1.12306 0.397154
0.835167 -0.0231459 0.54931  2.71281  3.25414 0.369789 0.500647 -1.08631 0.384568
0.834871 -0.0219128 0.549829  2.76492  3.14708 0.405354 0.544209 -1.05721 0.316678
0.835089 -0.0202572 0.549606  2.88124  2.94046 0.457091 0.611969  -1.0054  0.19702
0.834498 -0.0178995 0.550596  3.01059  2.74566 0.492051  0.685889 -0.942751  0.149881
0.833514 -0.0171401 0.55208  3.08083  2.65301 0.506995  0.71896 -0.91886 0.139397
0.8334 -0.020212 0.552043  3.15495  2.56216 0.520506 0.758994 -0.88706 0.139523
0.832684 -0.0233735 0.552913  3.23288    2.475 0.537903  0.809425 -0.853571  0.196147
0.830905 -0.0266576 0.555322  3.31456  2.39124 0.561462  0.831562 -0.825552  0.264243
0.826753 -0.0355172 0.560725  3.39915  2.30985 0.587112  0.856496 -0.800149  0.222248
0.826754 -0.0355208 0.560724  3.39916  2.30977 0.587269  0.856534 -0.800966  0.224054
0.823097 -0.0491463 0.564338  3.48489  2.23056 0.605457  0.856274 -0.780061  0.143024
0.823081 -0.0491502 0.564361  3.48484  2.23052 0.605625 0.855732 -0.78039 0.144951
0.819458 -0.0680013 0.566543 3.57052 2.15409 0.61623  0.857215  -0.74507 0.0719932
0.819426 -0.0679811 0.566594  3.57042   2.1541 0.616341  0.856079 -0.744919 0.0732807
0.815442 -0.0920466 0.567449  3.65625  2.08107 0.619484  0.859165 -0.721258 -0.017221
0.815409 -0.0920313 0.567502  3.65612  2.08111 0.619593  0.857763 -0.720855 -0.015956
0.815392 -0.0920232 0.567528 3.65604 2.08117 0.61958   0.856975  -0.720232 -0.0160819
0.81084 -0.116506 0.567398  3.73975  2.01082 0.612874    0.83406   -0.68065 -0.0983081
0.810788 -0.116505 0.56747  3.73954  2.01092 0.612993   0.831785  -0.679723 -0.0969081
0.810777 -0.116511 0.567483  3.73948  2.01097 0.612993    0.83118   -0.67922 -0.0968956
0.806431 -0.137725 0.567264  3.82184  1.94489 0.601543  0.828079 -0.642574 -0.121926
0.806389 -0.137741 0.567311  3.82168   1.9449 0.601624  0.826325  -0.64249 -0.120996
0.80269 -0.153462 0.567397  3.90432  1.88262 0.588309  0.818914 -0.606963 -0.159116
0.802665 -0.153449 0.567436  3.90419  1.88261 0.588348  0.817479 -0.607168 -0.158666
0.799122 -0.169867 0.568406  3.98541  1.82267 0.571391   0.80087 -0.593572 -0.186688
0.799099 -0.169878 0.568428 3.98525 1.82272 0.57144  0.799144 -0.593155  -0.18615
0.799095 -0.169894 0.568425  3.98525  1.82271 0.571437  0.799172 -0.593217 -0.186183
0.794485 -0.187843 0.569883  4.13868  1.70056 0.531523  0.725206 -0.633106 -0.215935
0.794453 -0.187869 0.569907  4.13832  1.70068 0.531611  0.723318 -0.632532 -0.215465
0.794442 -0.187901 0.569903  4.13823  1.70076 0.531621   0.72283 -0.632104 -0.215411
0.791055 -0.193124 0.572263  4.27372  1.56724 0.486865  0.622958 -0.705177 -0.181076
0.791019 -0.193156 0.572283  4.27322  1.56758 0.486948  0.620406 -0.703403 -0.180672
0.791009 -0.19318 0.572281  4.27309  1.56772 0.486969  0.619762 -0.702696 -0.180569
0.790989 -0.193225 0.57228  4.2729 1.56791   0.487  0.618793 -0.701691 -0.180408
0.788572 -0.19093 0.575062  4.38496  1.42335 0.463891   0.490373  -0.742502 -0.0393078
0.788539 -0.190992 0.575063 4.38457 1.42372 0.46396   0.488412  -0.740612 -0.0389427
0.792538 -0.185118 0.570828  4.50891  1.19794 0.475578  0.358858 -0.765627  0.027695
0.792506 -0.185242 0.570796  4.50847  1.19864 0.475718  0.357593 -0.763198 0.0282589
0.801666 -0.180926 0.559898  4.60253   0.9664 0.459754  0.284824 -0.793744 -0.103979
0.800734 -0.169972 0.563029  4.65769 0.808225 0.433073  0.266492 -0.782781 -0.120073
0.800718 -0.170035 0.563011  4.65766  0.80823 0.433097  0.266383 -0.782836 -0.119969
0.800703 -0.170066 0.563013  4.65758 0.808411 0.433114   0.26599  -0.78194 -0.119892
0.798334 -0.165721 0.567843  4.70982 0.657108 0.421348  0.270126 -0.742596 0.0230445
0.798306 -0.165794 0.567836  4.70967 0.657345  0.42142  0.269365 -0.741463 0.0233945
0.795295 -0.158672 0.573615  4.78149 0.447554 0.413147  0.211462 -0.652735 -0.106186
0.79528 -0.158723 0.573607  4.78127  0.44768 0.413211  0.210602 -0.652382 -0.105954
0.789341 -0.154583 0.582403  4.83093  0.26716 0.364017  0.105581 -0.547244 -0.216994
0.789351 -0.154552 0.582403  4.83083 0.267144 0.364214  0.105293 -0.547442 -0.216118
0.789352 -0.154551 0.582403  4.83083 0.267069 0.364205  0.105261 -0.547668 -0.216154
0.786805 -0.159221 0.586   4.84022 0.0812847  0.260349 -0.072451 -0.386306 -0.223092
0.786829 -0.159188 0.585984   4.84004 0.0809035  0.260591 -0.0729611  -0.387365  -0.222224
0.786839 -0.159177 0.585978   4.84002 0.0808929  0.260565 -0.0730606  -0.387423  -0.222239
0.788618 -0.158013 0.583124     4.8123 0.00859758   0.231987 -0.202577 -0.333042 -0.072041
0.788666 -0.157921 0.583107    4.81211 0.00845735   0.232129  -0.203687   -0.33389 -0.0712085
0.788669 -0.157901 0.583113    4.81212 0.00846159   0.232124  -0.203708  -0.333908 -0.0712401
0.784381 -0.154733 0.588293    4.76298 -0.0509205   0.231656 -0.299292 -0.254315  0.107083
0.784439 -0.15466 0.588254    4.76269 -0.0510062   0.231761 -0.300996 -0.254784  0.107574
0.773308 -0.153176 0.602666     4.7304 -0.0738609   0.247984 -0.340077 -0.202687  0.212819
0.773377 -0.153087 0.602626    4.73022 -0.0738757   0.247992 -0.342037 -0.202823  0.212783
0.779044 -0.158455 0.59466    4.5916 -0.108189  0.300794  -0.585017 -0.0389418  0.0996947
0.786497 -0.164452 0.584782   4.46152 -0.108911  0.311019  -0.699374  0.0158045 0.00464106
0.78658 -0.164338 0.584733   4.46157 -0.108892  0.311059  -0.699097  0.0157573 0.00481257
0.790931 -0.165855 0.578737   4.31571 -0.103785  0.304618  -0.757592  0.0357186 -0.0552536
0.791006 -0.165762 0.578689   4.31573 -0.103782  0.304665  -0.757444  0.0356053 -0.0550082
0.792761 -0.164248 0.575752    4.07535 -0.0888103   0.320218 -0.849702 0.0667195  0.147836
0.792835 -0.164158 0.575701    4.07547 -0.0888954   0.320357 -0.849049 0.0661149  0.148527
0.792833 -0.164145 0.57571    4.07553 -0.0889091   0.320335 -0.848849 0.0660713  0.148456
0.795325 -0.167449 0.571028    3.80676 -0.0610314   0.360994 -0.914902  0.114751 0.0647387
0.795348 -0.167348 0.57105    3.80696 -0.0611685   0.361319 -0.914264   0.11401  0.066084
0.794293 -0.174295 0.571377    3.52961 -0.0258792   0.359476  -0.930936   0.116496 -0.0683897
0.794299 -0.17423 0.571401    3.52962 -0.0260038   0.359455  -0.930968   0.115818 -0.0685778
0.785767 -0.179405 0.58208     3.34087 -0.00423104    0.338938 -0.961128  0.110296 -0.123444
0.785775 -0.179368 0.582086     3.34096 -0.00432169    0.338866 -0.960634  0.109679 -0.123871
0.787461 -0.167321 0.582129   3.13917 0.0170231  0.314186  -1.05211   0.11624 -0.080829
0.787453 -0.16731 0.582142   3.13907 0.0170466  0.314161   -1.05264   0.116318 -0.0809232
0.793529 -0.159102 0.575868   3.03243 0.0296776  0.311114   -1.08597   0.139472 0.00228491
0.793531 -0.159065 0.575883   3.03246 0.0296373   0.31113   -1.08567   0.139002 0.00250456
0.793536 -0.159058 0.575881   3.03249 0.0296268  0.311132   -1.08537   0.138893 0.00251847
0.797635 -0.156174 0.573757    2.8147 0.0604101  0.318272  -1.08854  0.157831 0.0236301
0.799289 -0.154794 0.573223   2.59584 0.0898373   0.31333   -1.09982    0.13449 -0.0588941
